30	30
30	30
30	3
30	3
30	11
30	7
35	35
35	35
35	35
35	5
35	35
35	35
0	0
0	0
0	0
0	3
0	0
0	2
5	5
5	8
5	5
5	5
5	5
5	8
10	2
10	15
10	2
10	9
10	2
10	5
15	39
15	0
15	15
15	19
15	10
15	12
20	6
20	3
20	4
20	20
20	3
20	2
25	2
25	2
25	11
25	4
25	14
25	25
31	31
31	2
31	3
31	0
31	2
31	0
36	36
36	36
36	30
36	17
36	5
36	36
1	1
1	1
1	1
1	4
1	1
1	1
6	1
6	1
6	12
6	1
6	1
6	2
11	4
11	11
11	11
11	5
11	5
11	11
16	16
16	33
16	3
16	16
16	8
16	3
21	21
21	37
21	21
21	21
21	21
21	10
26	3
26	3
26	26
26	8
26	0
26	2
32	32
32	32
32	32
32	2
32	32
32	1
37	2
37	37
37	37
37	1
37	37
37	2
2	2
2	2
2	2
2	1
2	2
2	2
7	1
7	39
7	7
7	7
7	7
7	7
12	4
12	2
12	12
12	0
12	12
12	12
17	7
17	4
17	35
17	12
17	2
17	12
22	2
22	3
22	22
22	22
22	22
22	16
27	2
27	11
27	2
27	3
27	38
27	3
33	3
33	5
33	0
33	1
33	3
33	2
38	2
38	38
38	33
38	2
38	38
38	38
3	2
3	2
3	3
3	3
3	3
3	3
8	8
8	8
8	8
8	8
8	5
8	8
13	13
13	5
13	4
13	13
13	13
13	3
18	2
18	6
18	18
18	3
18	3
18	1
23	23
23	3
23	3
23	2
23	1
23	23
28	27
28	3
28	4
28	28
28	3
28	4
34	34
34	34
34	3
34	3
34	11
34	34
39	39
39	39
39	39
39	39
39	3
39	39
4	3
4	4
4	4
4	2
4	39
4	3
9	2
9	9
9	2
9	2
9	9
9	9
14	14
14	10
14	15
14	1
14	2
14	14
19	19
19	14
19	3
19	19
19	2
19	3
24	24
24	25
24	2
24	4
24	24
24	3
29	29
29	29
29	29
29	29
29	29
29	2
30	37
30	4
30	30
30	1
30	1
30	10
35	8
35	2
35	22
35	11
35	12
35	37
0	37
0	5
0	11
0	12
0	13
0	1
5	36
5	34
5	11
5	2
5	35
5	9
10	8
10	30
10	0
10	8
10	6
10	6
15	3
15	11
15	12
15	8
15	4
15	6
20	4
20	14
20	6
20	14
20	2
20	24
25	33
25	17
25	15
25	10
25	9
25	5
31	11
31	39
31	0
31	36
31	5
31	6
36	39
36	8
36	2
36	36
36	32
36	12
1	1
1	10
1	30
1	3
1	14
1	8
6	2
6	32
6	0
6	6
6	8
6	11
11	6
11	25
11	7
11	2
11	6
11	14
16	1
16	4
16	14
16	12
16	11
16	12
21	20
21	26
21	14
21	13
21	14
21	13
26	4
26	0
26	5
26	11
26	22
26	1
32	30
32	1
32	13
32	10
32	36
32	5
37	14
37	30
37	10
37	37
37	36
37	7
2	2
2	39
2	3
2	38
2	10
2	33
7	11
7	7
7	7
7	13
7	5
7	32
12	7
12	1
12	22
12	7
12	37
12	11
17	3
17	3
17	30
17	9
17	16
17	15
22	31
22	18
22	29
22	17
22	6
22	18
27	27
27	4
27	31
27	8
27	6
27	9
33	9
33	33
33	38
33	7
33	33
33	32
38	2
38	3
38	12
38	38
38	6
38	5
3	6
3	39
3	39
3	9
3	5
3	10
8	2
8	30
8	13
8	38
8	12
8	39
13	2
13	9
13	3
13	23
13	9
13	18
18	16
18	14
18	9
18	23
18	7
18	5
23	11
23	9
23	3
23	8
23	8
23	24
28	28
28	2
28	35
28	1
28	7
28	9
34	13
34	12
34	14
34	10
34	9
34	21
39	39
39	11
39	2
39	4
39	39
39	32
4	4
4	4
4	3
4	36
4	11
4	11
9	14
9	36
9	36
9	11
9	39
9	15
14	11
14	32
14	34
14	39
14	19
14	37
19	15
19	16
19	6
19	4
19	9
19	8
24	7
24	30
24	8
24	12
24	24
24	2
29	22
29	29
29	2
29	36
29	20
29	6
30	13
30	15
30	7
30	0
30	30
30	16
35	14
35	1
35	35
35	35
35	34
35	1
0	0
0	0
0	19
0	0
0	0
0	0
5	4
5	11
5	5
5	5
5	5
5	1
10	18
10	36
10	6
10	4
10	10
10	12
15	3
15	4
15	15
15	4
15	15
15	15
20	20
20	17
20	20
20	20
20	3
20	13
25	25
25	9
25	25
25	25
25	6
25	6
31	31
31	31
31	31
31	31
31	31
31	12
36	36
36	36
36	2
36	32
36	36
36	36
1	1
1	1
1	1
1	1
1	1
1	1
6	3
6	6
6	6
6	32
6	6
6	30
11	7
11	15
11	7
11	5
11	11
11	17
16	17
16	10
16	15
16	16
16	16
16	6
21	6
21	21
21	6
21	21
21	12
21	5
26	6
26	26
26	26
26	26
26	14
26	8
32	15
32	32
32	3
32	33
32	32
32	32
37	37
37	37
37	37
37	37
37	37
37	37
2	2
2	2
2	2
2	2
2	2
2	2
7	12
7	7
7	7
7	7
7	7
7	17
12	12
12	1
12	33
12	12
12	12
12	12
17	11
17	17
17	17
17	17
17	13
17	17
22	1
22	16
22	5
22	22
22	22
22	22
27	27
27	27
27	27
27	27
27	27
27	27
33	34
33	33
33	33
33	33
33	33
33	33
38	38
38	38
38	38
38	1
38	37
38	14
3	9
3	3
3	3
3	3
3	3
3	3
8	8
8	8
8	8
8	2
8	8
8	15
13	32
13	13
13	13
13	16
13	14
13	2
18	13
18	14
18	13
18	11
18	13
18	6
23	23
23	4
23	23
23	2
23	3
23	8
28	8
28	28
28	28
28	28
28	16
28	28
34	34
34	34
34	10
34	34
34	34
34	2
39	39
39	39
39	39
39	39
39	39
39	39
4	4
4	4
4	2
4	6
4	4
4	7
9	13
9	5
9	9
9	9
9	34
9	18
14	2
14	4
14	9
14	2
14	13
14	14
19	7
19	19
19	19
19	3
19	3
19	17
24	24
24	24
24	24
24	9
24	24
24	24
29	5
29	20
29	15
29	3
29	9
29	6
30	34
30	2
30	30
30	30
30	33
30	7
35	35
35	28
35	35
35	39
35	12
35	35
0	0
0	32
0	37
0	35
0	38
0	26
5	5
5	5
5	5
5	5
5	4
5	4
10	10
10	10
10	37
10	1
10	35
10	10
15	15
15	24
15	30
15	38
15	4
15	2
20	20
20	32
20	1
20	36
20	36
20	12
25	25
25	24
25	4
25	0
25	6
25	25
31	31
31	31
31	31
31	31
31	6
31	31
36	36
36	36
36	36
36	36
36	12
36	36
1	1
1	1
1	1
1	1
1	35
1	1
6	6
6	6
6	6
6	6
6	23
6	6
11	11
11	11
11	30
11	11
11	2
11	11
16	16
16	16
16	16
16	16
16	6
16	16
21	21
21	21
21	21
21	21
21	37
21	21
26	26
26	26
26	31
26	31
26	38
26	26
32	32
32	32
32	32
32	32
32	32
32	32
37	37
37	37
37	37
37	37
37	37
37	37
2	2
2	2
2	2
2	2
2	2
2	2
7	7
7	7
7	7
7	32
7	36
7	4
12	12
12	12
12	12
12	1
12	0
12	32
17	17
17	17
17	17
17	17
17	17
17	17
22	22
22	33
22	22
22	22
22	22
22	22
27	27
27	5
27	27
27	27
27	34
27	27
33	33
33	33
33	33
33	33
33	33
33	33
38	38
38	38
38	38
38	8
38	38
38	38
3	3
3	3
3	3
3	3
3	35
3	3
8	8
8	8
8	8
8	31
8	37
8	8
13	13
13	13
13	13
13	37
13	1
13	13
18	18
18	18
18	9
18	22
18	32
18	18
23	23
23	23
23	33
23	23
23	35
23	23
28	28
28	28
28	28
28	4
28	0
28	28
34	34
34	16
34	34
34	34
34	34
34	34
39	39
39	39
39	39
39	39
39	39
39	39
4	4
4	4
4	4
4	4
4	4
4	4
9	9
9	9
9	9
9	9
9	9
9	9
14	14
14	14
14	14
14	14
14	14
14	14
19	19
19	19
19	19
19	36
19	19
19	19
24	24
24	24
24	24
24	35
24	24
24	24
29	29
29	29
29	29
29	29
29	29
29	29
30	30
30	30
30	30
30	30
30	30
30	30
35	35
35	3
35	35
35	35
35	35
35	35
0	0
0	0
0	0
0	0
0	0
0	0
5	5
5	5
5	5
5	5
5	5
5	5
10	10
10	38
10	10
10	10
10	10
10	37
15	15
15	19
15	15
15	15
15	15
15	15
20	20
20	20
20	20
20	20
20	20
20	20
25	25
25	25
25	25
25	25
25	36
25	25
31	31
31	31
31	31
31	32
31	31
31	36
36	36
36	36
36	36
36	36
36	36
36	36
1	1
1	1
1	1
1	1
1	1
1	1
6	6
6	6
6	6
6	6
6	6
6	6
11	11
11	11
11	11
11	2
11	16
11	11
16	16
16	16
16	17
16	21
16	16
16	16
21	21
21	21
21	21
21	21
21	21
21	21
26	26
26	26
26	25
26	26
26	26
26	26
32	32
32	32
32	32
32	32
32	32
32	32
37	37
37	37
37	37
37	38
37	2
37	37
2	2
2	2
2	2
2	2
2	2
2	2
7	7
7	2
7	7
7	7
7	7
7	7
12	12
12	12
12	12
12	12
12	12
12	12
17	17
17	39
17	17
17	0
17	17
17	17
22	22
22	22
22	22
22	22
22	22
22	22
27	3
27	0
27	27
27	27
27	26
27	27
33	33
33	33
33	33
33	33
33	2
33	33
38	38
38	38
38	38
38	38
38	38
38	38
3	3
3	3
3	3
3	3
3	3
3	4
8	8
8	8
8	8
8	8
8	8
8	8
13	13
13	13
13	13
13	13
13	1
13	13
18	18
18	18
18	10
18	18
18	2
18	18
23	23
23	23
23	23
23	23
23	23
23	23
28	28
28	28
28	28
28	28
28	28
28	39
34	34
34	34
34	34
34	34
34	34
34	34
39	39
39	39
39	39
39	39
39	39
39	39
4	4
4	4
4	4
4	4
4	4
4	4
9	9
9	9
9	9
9	9
9	13
9	9
14	14
14	14
14	14
14	14
14	14
14	14
19	20
19	19
19	19
19	19
19	19
19	19
24	24
24	24
24	24
24	24
24	24
24	24
29	29
29	29
29	29
29	29
29	29
29	29
30	30
30	16
30	30
30	30
30	30
30	18
35	35
35	17
35	35
35	35
35	35
35	35
0	0
0	0
0	0
0	0
0	0
0	22
5	5
5	5
5	5
5	5
5	5
5	5
10	10
10	10
10	10
10	10
10	10
10	34
15	15
15	15
15	15
15	15
15	15
15	30
20	20
20	20
20	20
20	20
20	20
20	20
25	25
25	25
25	25
25	25
25	25
25	25
31	31
31	31
31	16
31	31
31	31
31	31
36	36
36	36
36	36
36	36
36	36
36	36
1	1
1	1
1	1
1	1
1	1
1	1
6	6
6	6
6	6
6	6
6	6
6	6
11	11
11	11
11	11
11	11
11	11
11	11
16	16
16	16
16	16
16	16
16	16
16	16
21	21
21	21
21	21
21	21
21	21
21	21
26	26
26	26
26	26
26	26
26	26
26	26
32	36
32	32
32	32
32	32
32	32
32	32
37	37
37	37
37	37
37	37
37	37
37	37
2	2
2	2
2	2
2	2
2	2
2	2
7	7
7	7
7	7
7	7
7	7
7	7
12	7
12	12
12	12
12	12
12	12
12	12
17	17
17	17
17	12
17	17
17	17
17	17
22	22
22	22
22	23
22	22
22	22
22	24
27	27
27	27
27	27
27	27
27	27
27	27
33	33
33	12
33	33
33	33
33	33
33	33
38	38
38	38
38	38
38	38
38	38
38	38
3	30
3	7
3	3
3	3
3	3
3	3
8	8
8	8
8	8
8	8
8	8
8	8
13	13
13	7
13	13
13	13
13	13
13	13
18	18
18	18
18	11
18	18
18	29
18	18
23	23
23	23
23	23
23	23
23	23
23	23
28	28
28	28
28	28
28	28
28	28
28	28
34	34
34	34
34	34
34	34
34	34
34	34
39	39
39	39
39	39
39	39
39	39
39	39
4	14
4	4
4	4
4	4
4	4
4	4
9	9
9	9
9	9
9	9
9	9
9	10
14	14
14	14
14	14
14	14
14	14
14	14
19	19
19	19
19	19
19	19
19	19
19	28
24	24
24	24
24	24
24	3
24	24
24	24
29	29
29	15
29	29
29	10
29	29
29	29
30	38
30	30
30	13
30	30
30	37
30	23
35	32
35	7
35	0
35	19
35	35
35	14
0	37
0	18
0	33
0	36
0	10
0	35
5	16
5	21
5	17
5	18
5	2
5	5
10	10
10	20
10	15
10	0
10	8
10	5
15	14
15	28
15	20
15	15
15	7
15	3
20	26
20	35
20	4
20	9
20	39
20	3
25	25
25	17
25	3
25	7
25	20
25	12
31	35
31	0
31	8
31	12
31	4
31	5
36	9
36	25
36	2
36	9
36	3
36	6
1	1
1	1
1	19
1	10
1	9
1	33
6	12
6	13
6	30
6	2
6	2
6	6
11	15
11	12
11	31
11	11
11	9
11	1
16	14
16	9
16	8
16	16
16	9
16	8
21	30
21	13
21	21
21	9
21	9
21	18
26	0
26	9
26	22
26	5
26	32
26	4
32	0
32	10
32	7
32	2
32	0
32	32
37	2
37	17
37	37
37	1
37	38
37	31
2	2
2	29
2	16
2	18
2	6
2	1
7	19
7	35
7	0
7	7
7	4
7	25
12	6
12	14
12	26
12	34
12	7
12	15
17	0
17	15
17	0
17	11
17	11
17	6
22	20
22	11
22	1
22	9
22	23
22	9
27	33
27	3
27	38
27	11
27	18
27	9
33	2
33	13
33	11
33	27
33	5
33	34
38	18
38	38
38	37
38	16
38	38
38	8
3	3
3	3
3	3
3	0
3	3
3	3
8	6
8	23
8	2
8	2
8	7
8	8
13	8
13	12
13	2
13	3
13	24
13	11
18	11
18	14
18	12
18	33
18	6
18	30
23	14
23	25
23	12
23	28
23	23
23	29
28	15
28	31
28	14
28	10
28	4
28	3
34	29
34	34
34	38
34	34
34	35
34	29
39	32
39	39
39	19
39	39
39	39
39	38
4	38
4	4
4	1
4	33
4	5
4	7
9	5
9	29
9	4
9	6
9	28
9	37
14	11
14	9
14	1
14	14
14	1
14	14
19	17
19	37
19	1
19	36
19	13
19	31
24	8
24	5
24	12
24	14
24	5
24	6
29	30
29	39
29	29
29	33
29	11
29	6
30	1
30	38
30	26
30	15
30	37
30	35
35	35
35	38
35	1
35	35
35	10
35	31
0	32
0	37
0	36
0	32
0	0
0	24
5	21
5	36
5	30
5	8
5	26
5	1
10	37
10	36
10	10
10	10
10	11
10	23
15	35
15	32
15	38
15	39
15	36
15	4
20	12
20	38
20	38
20	34
20	38
20	28
25	36
25	39
25	38
25	38
25	0
25	39
31	19
31	36
31	27
31	22
31	28
31	36
36	35
36	36
36	13
36	0
36	14
36	6
1	15
1	36
1	1
1	35
1	36
1	38
6	10
6	37
6	10
6	6
6	30
6	11
11	11
11	38
11	11
11	39
11	0
11	37
16	16
16	16
16	16
16	10
16	14
16	3
21	33
21	21
21	38
21	21
21	24
21	17
26	23
26	22
26	27
26	37
26	29
26	38
32	4
32	34
32	38
32	37
32	32
32	37
37	37
37	31
37	37
37	37
37	3
37	1
2	36
2	36
2	2
2	36
2	6
2	31
7	35
7	12
7	7
7	36
7	7
7	37
12	19
12	36
12	12
12	37
12	9
12	14
17	38
17	15
17	30
17	0
17	28
17	17
22	16
22	11
22	18
22	36
22	22
22	4
27	37
27	31
27	38
27	16
27	9
27	28
33	35
33	37
33	18
33	32
33	37
33	4
38	36
38	2
38	38
38	32
38	8
38	1
3	12
3	37
3	38
3	39
3	37
3	4
8	15
8	12
8	8
8	39
8	34
8	21
13	6
13	9
13	18
13	13
13	33
13	21
18	35
18	9
18	28
18	37
18	16
18	37
23	35
23	32
23	30
23	5
23	31
23	37
28	13
28	10
28	22
28	18
28	31
28	31
34	37
34	36
34	37
34	17
34	34
34	36
39	39
39	37
39	39
39	39
39	23
39	12
4	4
4	37
4	36
4	37
4	0
4	4
9	36
9	33
9	9
9	18
9	8
9	17
14	37
14	38
14	14
14	8
14	33
14	14
19	36
19	5
19	23
19	15
19	15
19	39
24	18
24	24
24	12
24	37
24	19
24	18
29	2
29	28
29	38
29	20
29	3
29	3
30	39
30	31
30	13
30	2
30	0
30	2
35	31
35	18
35	16
35	10
35	35
35	16
0	25
0	26
0	37
0	2
0	35
0	12
5	5
5	7
5	10
5	6
5	6
5	26
10	29
10	0
10	17
10	8
10	10
10	16
15	32
15	10
15	0
15	13
15	15
15	3
20	2
20	26
20	18
20	21
20	27
20	21
25	17
25	11
25	8
25	23
25	4
25	7
31	5
31	28
31	4
31	32
31	4
31	38
36	1
36	13
36	5
36	39
36	5
36	4
1	31
1	17
1	6
1	20
1	11
1	39
6	6
6	10
6	4
6	6
6	25
6	3
11	11
11	31
11	7
11	7
11	6
11	10
16	9
16	10
16	16
16	8
16	9
16	3
21	11
21	5
21	8
21	8
21	3
21	8
26	9
26	7
26	21
26	26
26	23
26	8
32	8
32	8
32	0
32	8
32	31
32	18
37	6
37	20
37	9
37	5
37	21
37	13
2	5
2	12
2	38
2	12
2	6
2	11
7	10
7	36
7	11
7	7
7	12
7	34
12	21
12	8
12	5
12	6
12	9
12	22
17	20
17	20
17	7
17	12
17	12
17	7
22	7
22	12
22	35
22	9
22	14
22	6
27	28
27	28
27	8
27	8
27	18
27	7
33	28
33	7
33	5
33	36
33	38
33	11
38	19
38	22
38	1
38	9
38	16
38	8
3	21
3	11
3	24
3	11
3	9
3	19
8	26
8	10
8	12
8	8
8	16
8	6
13	12
13	21
13	8
13	14
13	5
13	8
18	27
18	7
18	18
18	4
18	5
18	19
23	7
23	7
23	1
23	6
23	13
23	16
28	16
28	11
28	7
28	10
28	8
28	7
34	10
34	37
34	6
34	10
34	4
34	16
39	7
39	2
39	28
39	9
39	38
39	13
4	4
4	4
4	8
4	10
4	9
4	7
9	19
9	16
9	6
9	6
9	9
9	8
14	33
14	15
14	6
14	25
14	9
14	4
19	33
19	29
19	19
19	11
19	10
19	13
24	33
24	30
24	10
24	6
24	5
24	4
29	5
29	7
29	6
29	9
29	9
29	15
30	16
30	35
30	31
30	33
30	2
30	0
35	36
35	0
35	18
35	28
35	36
35	14
0	35
0	6
0	0
0	0
0	2
0	22
5	23
5	5
5	37
5	5
5	5
5	35
10	20
10	5
10	10
10	34
10	10
10	19
15	38
15	30
15	39
15	31
15	33
15	10
20	39
20	30
20	20
20	36
20	8
20	20
25	37
25	38
25	25
25	25
25	31
25	0
31	37
31	31
31	39
31	37
31	31
31	2
36	33
36	7
36	39
36	1
36	35
36	31
1	1
1	1
1	6
1	35
1	3
1	1
6	33
6	20
6	12
6	33
6	30
6	9
11	38
11	38
11	5
11	31
11	36
11	32
16	33
16	38
16	14
16	32
16	16
16	30
21	22
21	36
21	9
21	37
21	35
21	36
26	34
26	21
26	19
26	35
26	33
26	10
32	30
32	32
32	32
32	13
32	36
32	38
37	38
37	37
37	0
37	37
37	37
37	2
2	12
2	37
2	35
2	31
2	36
2	38
7	2
7	35
7	10
7	36
7	9
7	34
12	33
12	10
12	38
12	8
12	12
12	33
17	39
17	17
17	2
17	8
17	24
17	31
22	31
22	18
22	39
22	22
22	33
22	5
27	34
27	0
27	25
27	38
27	30
27	33
33	32
33	9
33	5
33	32
33	34
33	38
38	31
38	38
38	35
38	0
38	39
38	39
3	2
3	8
3	30
3	1
3	7
3	34
8	8
8	33
8	8
8	3
8	14
8	1
13	17
13	13
13	5
13	1
13	7
13	38
18	2
18	0
18	37
18	33
18	12
18	18
23	32
23	7
23	30
23	23
23	27
23	39
28	35
28	31
28	36
28	34
28	34
28	36
34	9
34	14
34	27
34	0
34	34
34	9
39	32
39	39
39	4
39	2
39	34
39	39
4	30
4	39
4	37
4	30
4	15
4	4
9	39
9	35
9	32
9	5
9	5
9	3
14	14
14	32
14	31
14	33
14	35
14	38
19	19
19	1
19	23
19	32
19	35
19	4
24	35
24	20
24	38
24	14
24	37
24	33
29	0
29	29
29	36
29	29
29	29
29	34
30	30
30	9
30	3
30	14
30	9
30	29
35	26
35	16
35	4
35	13
35	13
35	26
0	11
0	29
0	3
0	6
0	5
0	8
5	21
5	2
5	10
5	13
5	12
5	26
10	15
10	19
10	6
10	5
10	9
10	6
15	4
15	36
15	0
15	7
15	29
15	29
20	9
20	27
20	13
20	11
20	20
20	18
25	21
25	26
25	12
25	2
25	12
25	12
31	7
31	9
31	5
31	5
31	13
31	36
36	5
36	21
36	7
36	3
36	7
36	6
1	14
1	0
1	4
1	8
1	6
1	1
6	25
6	6
6	17
6	10
6	6
6	9
11	11
11	5
11	20
11	17
11	5
11	11
16	1
16	7
16	25
16	16
16	11
16	9
21	13
21	17
21	27
21	27
21	3
21	22
26	22
26	3
26	5
26	17
26	17
26	19
32	25
32	18
32	4
32	4
32	20
32	13
37	8
37	37
37	2
37	2
37	9
37	11
2	16
2	7
2	8
2	14
2	6
2	13
7	16
7	7
7	6
7	15
7	10
7	7
12	39
12	22
12	10
12	4
12	21
12	29
17	26
17	4
17	26
17	21
17	17
17	7
22	24
22	37
22	34
22	10
22	35
22	12
27	17
27	20
27	34
27	7
27	17
27	27
33	8
33	13
33	8
33	0
33	29
33	10
38	13
38	16
38	7
38	21
38	5
38	9
3	25
3	14
3	29
3	3
3	6
3	3
8	7
8	38
8	37
8	12
8	8
8	39
13	1
13	11
13	13
13	8
13	16
13	0
18	15
18	22
18	10
18	27
18	9
18	7
23	12
23	4
23	12
23	11
23	9
23	7
28	15
28	38
28	2
28	26
28	22
28	9
34	6
34	5
34	0
34	2
34	25
34	10
39	8
39	19
39	1
39	27
39	11
39	25
4	5
4	4
4	8
4	2
4	26
4	17
9	39
9	9
9	33
9	21
9	4
9	12
14	11
14	24
14	38
14	14
14	3
14	6
19	12
19	23
19	2
19	17
19	19
19	13
24	12
24	34
24	11
24	12
24	4
24	3
29	16
29	15
29	10
29	3
29	1
29	8
30	0
30	7
30	1
30	13
30	29
30	21
35	16
35	17
35	17
35	25
35	29
35	0
0	14
0	3
0	5
0	20
0	12
0	16
5	27
5	13
5	16
5	7
5	23
5	37
10	12
10	29
10	20
10	19
10	34
10	13
15	17
15	6
15	7
15	11
15	20
15	38
20	32
20	11
20	24
20	31
20	11
20	29
25	22
25	26
25	24
25	0
25	15
25	15
31	26
31	26
31	32
31	8
31	15
31	23
36	26
36	23
36	10
36	14
36	13
36	0
1	32
1	14
1	28
1	1
1	25
1	29
6	21
6	26
6	5
6	21
6	21
6	26
11	19
11	3
11	29
11	32
11	28
11	0
16	16
16	1
16	35
16	24
16	17
16	17
21	29
21	26
21	21
21	22
21	8
21	25
26	8
26	27
26	28
26	37
26	16
26	21
32	30
32	0
32	29
32	13
32	32
32	16
37	10
37	21
37	7
37	9
37	5
37	19
2	17
2	6
2	11
2	16
2	34
2	18
7	12
7	29
7	4
7	23
7	12
7	26
12	8
12	17
12	15
12	7
12	13
12	8
17	28
17	28
17	33
17	32
17	25
17	4
22	16
22	2
22	31
22	32
22	19
22	15
27	4
27	16
27	18
27	13
27	26
27	34
33	37
33	30
33	33
33	35
33	9
33	8
38	17
38	3
38	22
38	2
38	9
38	26
3	24
3	3
3	9
3	11
3	11
3	22
8	24
8	19
8	14
8	16
8	4
8	17
13	5
13	28
13	35
13	7
13	7
13	36
18	27
18	21
18	17
18	16
18	2
18	25
23	28
23	29
23	1
23	9
23	12
23	17
28	3
28	16
28	16
28	33
28	16
28	5
34	11
34	12
34	22
34	11
34	13
34	8
39	23
39	39
39	0
39	26
39	26
39	21
4	18
4	18
4	17
4	38
4	28
4	20
9	7
9	3
9	5
9	3
9	24
9	19
14	16
14	17
14	5
14	4
14	20
14	38
19	6
19	2
19	17
19	23
19	32
19	18
24	23
24	15
24	31
24	4
24	17
24	22
29	20
29	27
29	37
29	1
29	1
29	24
30	39
30	29
30	2
30	37
30	6
30	34
35	9
35	2
35	35
35	19
35	27
35	12
0	35
0	17
0	28
0	19
0	5
0	8
5	10
5	26
5	39
5	5
5	24
5	14
10	21
10	0
10	22
10	22
10	34
10	0
15	28
15	29
15	13
15	22
15	12
15	28
20	22
20	33
20	38
20	6
20	26
20	3
25	2
25	23
25	20
25	26
25	12
25	21
31	11
31	35
31	3
31	9
31	23
31	14
36	8
36	23
36	6
36	26
36	3
36	37
1	13
1	4
1	6
1	24
1	19
1	22
6	1
6	3
6	39
6	21
6	15
6	32
11	37
11	21
11	2
11	5
11	10
11	39
16	3
16	33
16	28
16	2
16	1
16	22
21	9
21	37
21	11
21	1
21	25
21	22
26	20
26	2
26	7
26	9
26	26
26	12
32	20
32	17
32	24
32	24
32	2
32	32
37	19
37	23
37	37
37	9
37	4
37	26
2	7
2	33
2	39
2	2
2	28
2	27
7	9
7	37
7	28
7	27
7	1
7	18
12	1
12	28
12	23
12	0
12	34
12	4
17	31
17	25
17	24
17	3
17	21
17	24
22	36
22	37
22	22
22	37
22	34
22	26
27	7
27	27
27	6
27	39
27	29
27	4
33	3
33	36
33	8
33	7
33	20
33	11
38	27
38	2
38	28
38	27
38	15
38	9
3	22
3	20
3	23
3	9
3	7
3	24
8	17
8	4
8	26
8	1
8	32
8	0
13	21
13	27
13	16
13	11
13	20
13	9
18	32
18	35
18	9
18	27
18	12
18	14
23	7
23	29
23	6
23	16
23	0
23	38
28	22
28	27
28	5
28	34
28	36
28	18
34	13
34	14
34	35
34	22
34	38
34	13
39	38
39	14
39	35
39	33
39	12
39	37
4	4
4	9
4	38
4	20
4	38
4	4
9	9
9	19
9	14
9	8
9	36
9	21
14	8
14	16
14	20
14	11
14	2
14	16
19	20
19	6
19	27
19	19
19	32
19	19
24	4
24	24
24	12
24	24
24	23
24	28
29	38
29	39
29	38
29	2
29	22
29	37
30	30
30	30
30	30
30	30
30	30
30	30
35	35
35	35
35	35
35	35
35	35
35	35
0	0
0	0
0	0
0	0
0	0
0	0
5	5
5	5
5	5
5	5
5	5
5	5
10	10
10	10
10	10
10	10
10	10
10	10
15	15
15	15
15	15
15	15
15	15
15	15
20	20
20	20
20	20
20	20
20	20
20	20
25	25
25	25
25	25
25	10
25	25
25	25
31	5
31	31
31	31
31	31
31	31
31	31
36	36
36	36
36	36
36	36
36	36
36	36
1	1
1	1
1	1
1	1
1	1
1	1
6	6
6	6
6	6
6	6
6	6
6	6
11	11
11	11
11	11
11	11
11	11
11	11
16	16
16	16
16	16
16	16
16	16
16	16
21	21
21	21
21	21
21	21
21	21
21	21
26	26
26	26
26	26
26	26
26	26
26	26
32	32
32	32
32	32
32	32
32	32
32	32
37	37
37	37
37	37
37	37
37	37
37	37
2	2
2	2
2	2
2	2
2	2
2	2
7	7
7	7
7	7
7	7
7	7
7	7
12	12
12	12
12	12
12	12
12	12
12	12
17	17
17	17
17	17
17	17
17	17
17	17
22	22
22	22
22	22
22	22
22	22
22	22
27	27
27	27
27	27
27	27
27	27
27	27
33	33
33	33
33	33
33	33
33	13
33	33
38	38
38	38
38	38
38	38
38	38
38	38
3	3
3	3
3	3
3	2
3	3
3	3
8	8
8	8
8	8
8	8
8	8
8	8
13	13
13	13
13	13
13	13
13	13
13	13
18	18
18	18
18	18
18	18
18	18
18	18
23	23
23	23
23	23
23	23
23	23
23	23
28	28
28	28
28	28
28	28
28	28
28	28
34	34
34	34
34	34
34	34
34	34
34	34
39	39
39	39
39	39
39	39
39	39
39	39
4	4
4	4
4	4
4	4
4	4
4	4
9	9
9	9
9	9
9	9
9	9
9	9
14	14
14	14
14	14
14	14
14	14
14	14
19	19
19	19
19	19
19	19
19	19
19	19
24	24
24	24
24	24
24	24
24	24
24	24
29	29
29	29
29	29
29	29
29	29
29	29
30	31
30	16
30	28
30	14
30	30
30	30
35	16
35	1
35	38
35	34
35	35
35	4
0	39
0	0
0	10
0	9
0	25
0	37
5	13
5	8
5	6
5	38
5	5
5	28
10	9
10	5
10	11
10	15
10	38
10	34
15	6
15	11
15	30
15	33
15	39
15	33
20	3
20	20
20	21
20	19
20	16
20	26
25	5
25	39
25	24
25	38
25	1
25	1
31	12
31	15
31	4
31	10
31	7
31	35
36	22
36	0
36	31
36	8
36	4
36	30
1	39
1	34
1	24
1	1
1	38
1	27
6	23
6	35
6	16
6	37
6	8
6	2
11	38
11	1
11	28
11	18
11	33
11	17
16	35
16	16
16	32
16	1
16	12
16	21
21	36
21	18
21	29
21	37
21	25
21	20
26	20
26	26
26	20
26	15
26	18
26	7
32	1
32	19
32	33
32	38
32	32
32	36
37	32
37	14
37	27
37	16
37	33
37	38
2	2
2	29
2	35
2	23
2	38
2	36
7	5
7	38
7	16
7	4
7	12
7	1
12	3
12	12
12	6
12	15
12	15
12	12
17	19
17	28
17	12
17	28
17	26
17	16
22	9
22	8
22	26
22	13
22	18
22	16
27	23
27	20
27	21
27	3
27	22
27	16
33	34
33	29
33	33
33	29
33	37
33	37
38	12
38	0
38	32
38	38
38	36
38	34
3	3
3	38
3	17
3	9
3	9
3	26
8	38
8	35
8	39
8	39
8	10
8	30
13	17
13	37
13	2
13	31
13	19
13	23
18	6
18	28
18	2
18	34
18	0
18	21
23	16
23	36
23	17
23	23
23	19
23	14
28	22
28	2
28	22
28	5
28	38
28	39
34	8
34	12
34	36
34	28
34	15
34	0
39	34
39	39
39	5
39	32
39	31
39	20
4	39
4	2
4	38
4	34
4	4
4	38
9	25
9	2
9	31
9	13
9	4
9	4
14	10
14	14
14	2
14	11
14	33
14	32
19	24
19	19
19	29
19	28
19	23
19	6
24	17
24	24
24	1
24	24
24	28
24	17
29	0
29	37
29	26
29	29
29	31
29	7
30	30
30	30
30	15
30	30
30	2
30	35
35	35
35	6
35	5
35	13
35	8
35	35
0	0
0	0
0	4
0	36
0	0
0	5
5	15
5	0
5	5
5	5
5	5
5	2
10	10
10	10
10	10
10	10
10	10
10	4
15	15
15	18
15	15
15	8
15	15
15	15
20	12
20	20
20	5
20	1
20	3
20	19
25	20
25	22
25	5
25	2
25	3
25	8
31	0
31	39
31	31
31	38
31	31
31	12
36	9
36	36
36	0
36	5
36	36
36	36
1	5
1	9
1	9
1	39
1	6
1	5
6	6
6	6
6	6
6	6
6	3
6	39
11	10
11	11
11	11
11	7
11	12
11	1
16	0
16	0
16	4
16	5
16	16
16	38
21	30
21	14
21	1
21	21
21	1
21	2
26	35
26	3
26	1
26	0
26	6
26	3
32	38
32	10
32	7
32	32
32	32
32	0
37	37
37	8
37	5
37	1
37	6
37	6
2	2
2	2
2	13
2	2
2	37
2	2
7	1
7	9
7	4
7	4
7	3
7	7
12	38
12	7
12	7
12	0
12	6
12	7
17	17
17	17
17	3
17	0
17	1
17	6
22	38
22	1
22	10
22	2
22	12
22	2
27	39
27	4
27	0
27	5
27	5
27	6
33	1
33	4
33	33
33	33
33	39
33	39
38	1
38	38
38	2
38	3
38	12
38	0
3	3
3	3
3	8
3	3
3	39
3	8
8	8
8	4
8	6
8	9
8	39
8	4
13	2
13	3
13	8
13	4
13	3
13	3
18	4
18	2
18	7
18	5
18	3
18	3
23	20
23	23
23	1
23	38
23	0
23	4
28	28
28	4
28	7
28	6
28	39
28	0
34	34
34	34
34	34
34	2
34	39
34	6
39	4
39	7
39	3
39	36
39	39
39	5
4	6
4	5
4	39
4	12
4	2
4	10
9	14
9	5
9	10
9	2
9	0
9	1
14	3
14	5
14	3
14	14
14	2
14	14
19	19
19	4
19	19
19	3
19	0
19	39
24	24
24	8
24	39
24	39
24	14
24	4
29	3
29	29
29	12
29	23
29	2
29	18
30	30
30	30
30	30
30	30
30	30
30	30
35	35
35	35
35	35
35	35
35	35
35	35
0	0
0	0
0	0
0	0
0	0
0	0
5	5
5	5
5	5
5	5
5	5
5	5
10	36
10	38
10	30
10	0
10	10
10	12
15	3
15	6
15	11
15	16
15	18
15	10
20	34
20	20
20	22
20	20
20	20
20	12
25	25
25	25
25	6
25	19
25	30
25	17
31	31
31	31
31	31
31	31
31	31
31	31
36	36
36	1
36	36
36	36
36	36
36	36
1	1
1	22
1	1
1	1
1	1
1	1
6	6
6	6
6	6
6	6
6	6
6	6
11	18
11	11
11	15
11	11
11	16
11	11
16	16
16	16
16	12
16	16
16	16
16	16
21	21
21	22
21	26
21	20
21	21
21	18
26	30
26	25
26	32
26	22
26	9
26	26
32	32
32	32
32	32
32	32
32	32
32	32
37	37
37	37
37	37
37	37
37	37
37	37
2	2
2	2
2	2
2	2
2	2
2	2
7	7
7	7
7	7
7	7
7	7
7	7
12	12
12	6
12	12
12	12
12	12
12	12
17	17
17	30
17	2
17	1
17	18
17	17
22	16
22	21
22	22
22	30
22	22
22	11
27	27
27	16
27	27
27	27
27	27
27	18
33	33
33	33
33	33
33	33
33	33
33	33
38	38
38	38
38	38
38	38
38	38
38	38
3	3
3	3
3	3
3	3
3	3
3	3
8	9
8	13
8	8
8	15
8	8
8	8
13	2
13	21
13	13
13	13
13	13
13	13
18	6
18	24
18	18
18	8
18	18
18	3
23	33
23	5
23	19
23	23
23	39
23	32
28	8
28	27
28	20
28	25
28	19
28	9
34	34
34	34
34	34
34	34
34	34
34	34
39	39
39	39
39	39
39	39
39	39
39	39
4	23
4	4
4	4
4	4
4	4
4	4
9	9
9	9
9	9
9	9
9	9
9	9
14	15
14	14
14	10
14	39
14	17
14	4
19	3
19	19
19	0
19	17
19	2
19	7
24	12
24	11
24	11
24	29
24	3
24	5
29	19
29	25
29	24
29	25
29	14
29	31
30	21
30	26
30	27
30	39
30	36
30	14
35	14
35	34
35	5
35	37
35	15
35	23
0	33
0	5
0	39
0	37
0	0
0	36
5	35
5	36
5	5
5	5
5	19
5	35
10	3
10	10
10	18
10	34
10	8
10	10
15	1
15	15
15	15
15	2
15	0
15	14
20	33
20	4
20	37
20	4
20	22
20	2
25	36
25	14
25	4
25	21
25	1
25	24
31	8
31	31
31	0
31	35
31	38
31	33
36	4
36	36
36	38
36	36
36	12
36	26
1	30
1	39
1	0
1	3
1	36
1	1
6	1
6	1
6	6
6	6
6	6
6	8
11	6
11	33
11	3
11	29
11	22
11	5
16	16
16	0
16	12
16	16
16	5
16	34
21	17
21	21
21	17
21	34
21	28
21	30
26	33
26	30
26	31
26	33
26	6
26	34
32	36
32	32
32	39
32	18
32	32
32	34
37	32
37	36
37	36
37	37
37	7
37	34
2	2
2	2
2	35
2	36
2	37
2	32
7	11
7	32
7	36
7	7
7	8
7	39
12	32
12	12
12	12
12	12
12	36
12	34
17	37
17	0
17	17
17	17
17	17
17	3
22	12
22	22
22	5
22	35
22	34
22	5
27	5
27	16
27	31
27	39
27	34
27	25
33	39
33	32
33	33
33	33
33	35
33	33
38	38
38	38
38	38
38	33
38	0
38	33
3	36
3	3
3	3
3	38
3	6
3	3
8	3
8	3
8	0
8	8
8	4
8	8
13	9
13	8
13	1
13	13
13	1
13	13
18	30
18	13
18	9
18	18
18	33
18	2
23	18
23	35
23	23
23	36
23	34
23	5
28	25
28	37
28	32
28	5
28	35
28	28
34	34
34	32
34	17
34	0
34	27
34	35
39	34
39	39
39	3
39	38
39	35
39	9
4	4
4	4
4	38
4	39
4	3
4	37
9	9
9	4
9	14
9	9
9	2
9	8
14	35
14	37
14	5
14	31
14	5
14	14
19	14
19	24
19	2
19	19
19	9
19	36
24	28
24	0
24	10
24	19
24	3
24	10
29	29
29	2
29	12
29	21
29	36
29	24
30	30
30	21
30	30
30	17
30	30
30	30
35	32
35	35
35	35
35	21
35	8
35	28
0	0
0	18
0	33
0	39
0	33
0	8
5	17
5	8
5	5
5	5
5	5
5	3
10	13
10	29
10	20
10	32
10	14
10	17
15	9
15	15
15	31
15	12
15	15
15	3
20	22
20	20
20	18
20	22
20	2
20	20
25	14
25	35
25	5
25	16
25	19
25	25
31	31
31	31
31	31
31	31
31	31
31	31
36	10
36	7
36	36
36	35
36	5
36	29
1	1
1	1
1	7
1	6
1	1
1	1
6	1
6	8
6	27
6	31
6	6
6	19
11	29
11	35
11	2
11	11
11	11
11	24
16	16
16	16
16	16
16	32
16	12
16	24
21	38
21	11
21	21
21	33
21	21
21	18
26	25
26	26
26	26
26	26
26	26
26	7
32	27
32	20
32	32
32	32
32	32
32	32
37	37
37	37
37	11
37	20
37	38
37	34
2	18
2	25
2	2
2	2
2	2
2	31
7	4
7	2
7	7
7	8
7	7
7	7
12	12
12	17
12	8
12	12
12	12
12	4
17	22
17	17
17	12
17	17
17	17
17	38
22	7
22	26
22	38
22	11
22	21
22	11
27	15
27	18
27	6
27	1
27	27
27	23
33	7
33	38
33	33
33	2
33	33
33	33
38	38
38	17
38	38
38	38
38	12
38	38
3	3
3	4
3	26
3	3
3	15
3	3
8	35
8	8
8	13
8	7
8	8
8	8
13	13
13	13
13	14
13	19
13	31
13	6
18	12
18	18
18	18
18	28
18	20
18	18
23	13
23	8
23	8
23	23
23	29
23	15
28	19
28	11
28	28
28	19
28	36
28	16
34	34
34	34
34	34
34	27
34	34
34	34
39	39
39	39
39	39
39	39
39	39
39	39
4	10
4	4
4	4
4	4
4	13
4	0
9	9
9	24
9	26
9	9
9	9
9	2
14	23
14	33
14	14
14	39
14	38
14	23
19	19
19	19
19	28
19	14
19	19
19	5
24	0
24	20
24	23
24	21
24	6
24	9
29	5
29	13
29	25
29	8
29	28
29	29
30	38
30	30
30	30
30	33
30	30
30	30
35	14
35	35
35	18
35	35
35	35
35	25
0	0
0	28
0	0
0	0
0	0
0	30
5	5
5	5
5	5
5	5
5	5
5	5
10	10
10	10
10	30
10	10
10	15
10	10
15	38
15	15
15	15
15	15
15	10
15	16
20	20
20	20
20	20
20	3
20	20
20	20
25	25
25	25
25	30
25	25
25	25
25	25
31	37
31	0
31	31
31	37
31	9
31	31
36	4
36	36
36	36
36	36
36	36
36	36
1	9
1	26
1	1
1	1
1	1
1	1
6	6
6	6
6	6
6	6
6	6
6	6
11	11
11	27
11	11
11	18
11	11
11	11
16	16
16	16
16	16
16	16
16	16
16	16
21	21
21	21
21	21
21	21
21	21
21	21
26	26
26	26
26	26
26	26
26	26
26	26
32	11
32	2
32	32
32	32
32	32
32	32
37	7
37	37
37	31
37	37
37	37
37	37
2	2
2	2
2	2
2	2
2	2
2	2
7	7
7	2
7	7
7	7
7	2
7	7
12	12
12	12
12	12
12	12
12	12
12	12
17	22
17	9
17	17
17	17
17	17
17	17
22	22
22	22
22	21
22	22
22	22
22	29
27	27
27	27
27	10
27	27
27	27
27	27
33	10
33	33
33	33
33	33
33	33
33	33
38	30
38	38
38	38
38	38
38	38
38	38
3	3
3	3
3	3
3	3
3	3
3	3
8	8
8	8
8	8
8	8
8	8
8	8
13	13
13	9
13	13
13	13
13	13
13	13
18	18
18	18
18	18
18	18
18	18
18	18
23	23
23	23
23	23
23	23
23	23
23	23
28	28
28	28
28	28
28	28
28	28
28	28
34	34
34	34
34	34
34	12
34	35
34	39
39	26
39	39
39	31
39	39
39	39
39	39
4	36
4	4
4	4
4	4
4	4
4	4
9	9
9	9
9	9
9	9
9	9
9	9
14	14
14	16
14	14
14	9
14	14
14	14
19	19
19	19
19	19
19	19
19	19
19	5
24	24
24	24
24	4
24	24
24	24
24	24
29	29
29	29
29	29
29	37
29	29
29	29
30	5
30	30
30	30
30	30
30	30
30	30
35	35
35	35
35	35
35	35
35	5
35	35
0	0
0	0
0	0
0	0
0	11
0	6
5	1
5	5
5	3
5	5
5	5
5	3
10	3
10	3
10	10
10	10
10	6
10	10
15	3
15	15
15	15
15	15
15	15
15	6
20	20
20	20
20	3
20	4
20	4
20	5
25	2
25	25
25	2
25	5
25	4
25	0
31	31
31	31
31	31
31	31
31	31
31	31
36	36
36	36
36	36
36	36
36	36
36	36
1	1
1	1
1	1
1	1
1	1
1	1
6	4
6	6
6	6
6	6
6	4
6	6
11	11
11	11
11	11
11	1
11	5
11	11
16	3
16	16
16	16
16	3
16	16
16	7
21	5
21	21
21	21
21	21
21	4
21	21
26	26
26	7
26	26
26	8
26	26
26	26
32	32
32	32
32	32
32	2
32	7
32	3
37	37
37	37
37	37
37	37
37	37
37	37
2	3
2	2
2	2
2	2
2	2
2	2
7	7
7	3
7	7
7	7
7	0
7	7
12	4
12	12
12	12
12	12
12	12
12	5
17	3
17	1
17	17
17	4
17	17
17	17
22	22
22	3
22	22
22	22
22	9
22	2
27	3
27	3
27	27
27	27
27	27
27	3
33	33
33	33
33	33
33	33
33	33
33	33
38	38
38	38
38	38
38	38
38	38
38	38
3	3
3	3
3	3
3	3
3	3
3	3
8	8
8	8
8	8
8	7
8	3
8	8
13	13
13	2
13	13
13	13
13	2
13	6
18	2
18	18
18	2
18	1
18	1
18	18
23	5
23	23
23	1
23	23
23	2
23	3
28	3
28	28
28	8
28	3
28	3
28	3
34	34
34	34
34	34
34	34
34	34
34	34
39	39
39	2
39	39
39	39
39	6
39	39
4	4
4	5
4	4
4	0
4	1
4	2
9	9
9	9
9	9
9	9
9	9
9	9
14	14
14	14
14	14
14	14
14	14
14	14
19	2
19	4
19	19
19	19
19	19
19	19
24	24
24	24
24	1
24	24
24	24
24	24
29	3
29	29
29	2
29	0
29	4
29	3
30	8
30	25
30	15
30	2
30	30
30	30
35	35
35	39
35	3
35	24
35	35
35	22
0	20
0	6
0	30
0	0
0	12
0	6
5	0
5	5
5	5
5	5
5	5
5	16
10	16
10	10
10	28
10	7
10	10
10	5
15	15
15	15
15	7
15	24
15	8
15	15
20	20
20	20
20	28
20	20
20	27
20	20
25	25
25	37
25	33
25	13
25	27
25	16
31	18
31	11
31	6
31	2
31	31
31	31
36	36
36	36
36	36
36	3
36	36
36	28
1	33
1	3
1	13
1	1
1	1
1	18
6	6
6	6
6	6
6	14
6	6
6	6
11	11
11	6
11	11
11	11
11	36
11	15
16	5
16	16
16	16
16	16
16	16
16	16
21	21
21	17
21	35
21	21
21	21
21	21
26	26
26	26
26	29
26	26
26	26
26	26
32	13
32	24
32	7
32	32
32	36
32	31
37	37
37	13
37	9
37	3
37	1
37	37
2	12
2	1
2	7
2	19
2	2
2	2
7	7
7	7
7	33
7	26
7	7
7	7
12	12
12	25
12	24
12	12
12	12
12	12
17	17
17	17
17	17
17	8
17	17
17	17
22	22
22	22
22	22
22	5
22	36
22	35
27	27
27	11
27	17
27	6
27	0
27	38
33	37
33	4
33	2
33	4
33	33
33	11
38	33
38	37
38	3
38	38
38	38
38	38
3	13
3	8
3	3
3	37
3	0
3	15
8	38
8	37
8	37
8	22
8	38
8	13
13	1
13	13
13	25
13	11
13	28
13	24
18	18
18	18
18	14
18	18
18	18
18	18
23	23
23	23
23	6
23	23
23	23
23	27
28	21
28	28
28	16
28	28
28	6
28	16
34	34
34	35
34	14
34	20
34	0
34	24
39	38
39	4
39	1
39	29
39	32
39	5
4	1
4	10
4	9
4	5
4	1
4	38
9	9
9	9
9	9
9	11
9	9
9	9
14	3
14	14
14	14
14	0
14	16
14	19
19	19
19	19
19	27
19	19
19	15
19	8
24	24
24	24
24	24
24	15
24	24
24	24
29	15
29	29
29	6
29	22
29	13
29	3
30	30
30	35
30	25
30	30
30	34
30	5
35	18
35	16
35	2
35	28
35	10
35	34
0	8
0	3
0	34
0	4
0	5
0	34
5	25
5	2
5	23
5	5
5	1
5	29
10	7
10	20
10	5
10	33
10	34
10	25
15	22
15	16
15	7
15	0
15	16
15	12
20	33
20	39
20	16
20	4
20	25
20	20
25	24
25	21
25	12
25	28
25	25
25	25
31	2
31	31
31	1
31	31
31	21
31	37
36	30
36	36
36	7
36	30
36	21
36	28
1	15
1	36
1	1
1	0
1	39
1	23
6	26
6	37
6	36
6	37
6	26
6	29
11	11
11	22
11	17
11	5
11	39
11	8
16	21
16	38
16	25
16	28
16	19
16	12
21	0
21	32
21	22
21	2
21	11
21	6
26	6
26	13
26	22
26	13
26	9
26	39
32	9
32	35
32	32
32	29
32	35
32	23
37	37
37	26
37	37
37	29
37	37
37	26
2	31
2	12
2	13
2	2
2	22
2	33
7	19
7	7
7	33
7	5
7	35
7	10
12	16
12	12
12	20
12	19
12	20
12	15
17	6
17	19
17	34
17	1
17	18
17	31
22	33
22	8
22	29
22	25
22	22
22	30
27	13
27	28
27	37
27	1
27	38
27	22
33	25
33	7
33	32
33	27
33	23
33	33
38	11
38	21
38	39
38	38
38	19
38	34
3	3
3	3
3	22
3	31
3	10
3	26
8	8
8	8
8	25
8	12
8	8
8	12
13	13
13	22
13	1
13	13
13	24
13	13
18	29
18	21
18	19
18	20
18	6
18	33
23	16
23	32
23	25
23	1
23	27
23	28
28	26
28	38
28	17
28	29
28	20
28	19
34	35
34	18
34	39
34	32
34	23
34	31
39	14
39	23
39	32
39	17
39	0
39	33
4	30
4	34
4	11
4	30
4	17
4	6
9	34
9	9
9	28
9	9
9	27
9	9
14	1
14	15
14	0
14	14
14	24
14	16
19	7
19	1
19	17
19	18
19	30
19	10
24	13
24	2
24	31
24	32
24	24
24	26
29	1
29	26
29	25
29	4
29	20
29	24
30	35
30	38
30	9
30	0
30	6
30	0
35	2
35	6
35	0
35	5
35	38
35	11
0	5
0	6
0	5
0	18
0	5
0	6
5	37
5	30
5	31
5	10
5	5
5	20
10	37
10	34
10	5
10	11
10	6
10	9
15	37
15	39
15	16
15	7
15	10
15	3
20	26
20	23
20	6
20	10
20	39
20	3
25	33
25	27
25	3
25	3
25	9
25	7
31	30
31	35
31	7
31	2
31	7
31	32
36	35
36	4
36	2
36	4
36	19
36	33
1	7
1	14
1	38
1	38
1	32
1	28
6	11
6	11
6	32
6	1
6	11
6	39
11	15
11	8
11	11
11	9
11	8
11	5
16	19
16	10
16	5
16	18
16	4
16	34
21	21
21	34
21	3
21	5
21	5
21	19
26	36
26	6
26	0
26	22
26	2
26	0
32	37
32	32
32	32
32	32
32	6
32	38
37	36
37	37
37	38
37	38
37	2
37	35
2	2
2	0
2	39
2	6
2	6
2	27
7	11
7	8
7	6
7	5
7	15
7	4
12	6
12	30
12	10
12	3
12	38
12	39
17	38
17	37
17	2
17	6
17	37
17	10
22	4
22	5
22	5
22	1
22	33
22	2
27	31
27	5
27	5
27	1
27	27
27	12
33	19
33	39
33	33
33	2
33	6
33	0
38	14
38	6
38	3
38	0
38	4
38	30
3	2
3	8
3	11
3	39
3	4
3	5
8	14
8	34
8	31
8	9
8	8
8	5
13	3
13	0
13	4
13	8
13	1
13	15
18	22
18	13
18	5
18	37
18	2
18	6
23	6
23	11
23	17
23	1
23	22
23	10
28	37
28	2
28	15
28	6
28	30
28	30
34	16
34	1
34	39
34	4
34	1
34	38
39	39
39	2
39	11
39	6
39	4
39	5
4	4
4	5
4	7
4	0
4	0
4	8
9	5
9	9
9	5
9	3
9	3
9	9
14	4
14	1
14	19
14	38
14	12
14	0
19	24
19	20
19	1
19	0
19	8
19	13
24	5
24	23
24	6
24	2
24	3
24	6
29	20
29	23
29	38
29	1
29	7
29	29
30	4
30	22
30	10
30	8
30	20
30	20
35	14
35	22
35	17
35	12
35	29
35	12
0	18
0	29
0	1
0	35
0	8
0	11
5	19
5	17
5	33
5	11
5	36
5	20
10	8
10	11
10	31
10	35
10	13
10	39
15	9
15	20
15	2
15	19
15	19
15	4
20	1
20	0
20	23
20	23
20	6
20	10
25	29
25	15
25	12
25	26
25	25
25	27
31	11
31	11
31	20
31	15
31	27
31	21
36	5
36	5
36	25
36	38
36	2
36	0
1	38
1	20
1	23
1	4
1	0
1	10
6	9
6	17
6	0
6	6
6	3
6	11
11	20
11	26
11	13
11	4
11	14
11	25
16	14
16	10
16	5
16	27
16	18
16	28
21	26
21	1
21	20
21	21
21	39
21	8
26	14
26	11
26	5
26	11
26	18
26	27
32	16
32	37
32	37
32	28
32	18
32	14
37	12
37	18
37	27
37	23
37	34
37	3
2	23
2	4
2	8
2	7
2	14
2	10
7	20
7	2
7	17
7	21
7	9
7	28
12	15
12	4
12	20
12	4
12	22
12	23
17	20
17	33
17	25
17	17
17	27
17	19
22	19
22	16
22	10
22	16
22	34
22	14
27	8
27	11
27	18
27	18
27	22
27	14
33	16
33	5
33	18
33	4
33	25
33	13
38	15
38	15
38	39
38	0
38	39
38	14
3	39
3	15
3	24
3	22
3	39
3	28
8	37
8	10
8	4
8	20
8	8
8	19
13	22
13	19
13	21
13	14
13	23
13	36
18	24
18	28
18	19
18	0
18	32
18	24
23	21
23	28
23	23
23	16
23	33
23	7
28	13
28	16
28	12
28	4
28	23
28	14
34	10
34	6
34	18
34	18
34	27
34	20
39	22
39	24
39	3
39	10
39	10
39	15
4	39
4	9
4	3
4	1
4	5
4	3
9	16
9	27
9	27
9	26
9	4
9	33
14	24
14	18
14	5
14	5
14	12
14	25
19	28
19	10
19	32
19	24
19	20
19	19
24	1
24	39
24	8
24	22
24	29
24	25
29	19
29	24
29	3
29	20
29	25
29	8
30	23
30	21
30	5
30	10
30	15
30	16
35	0
35	20
35	28
35	26
35	17
35	21
0	39
0	25
0	22
0	35
0	27
0	7
5	17
5	21
5	21
5	10
5	8
5	4
10	11
10	7
10	20
10	12
10	7
10	11
15	25
15	8
15	15
15	28
15	28
15	16
20	23
20	25
20	20
20	2
20	22
20	20
25	15
25	20
25	28
25	5
25	25
25	36
31	30
31	5
31	29
31	31
31	21
31	31
36	14
36	8
36	32
36	2
36	37
36	9
1	14
1	36
1	4
1	13
1	19
1	6
6	30
6	35
6	28
6	15
6	22
6	28
11	6
11	6
11	20
11	1
11	16
11	8
16	6
16	39
16	7
16	17
16	19
16	3
21	25
21	27
21	27
21	2
21	20
21	35
26	20
26	26
26	2
26	0
26	14
26	18
32	17
32	29
32	20
32	1
32	37
32	3
37	35
37	27
37	21
37	17
37	13
37	29
2	5
2	5
2	7
2	22
2	26
2	19
7	12
7	2
7	26
7	26
7	27
7	13
12	23
12	1
12	12
12	7
12	15
12	26
17	29
17	21
17	12
17	25
17	15
17	32
22	37
22	5
22	21
22	11
22	16
22	36
27	39
27	13
27	7
27	22
27	8
27	25
33	10
33	14
33	38
33	29
33	25
33	8
38	11
38	29
38	5
38	14
38	6
38	14
3	25
3	23
3	12
3	5
3	27
3	28
8	22
8	17
8	28
8	29
8	25
8	3
13	0
13	6
13	19
13	39
13	9
13	20
18	20
18	14
18	28
18	25
18	2
18	3
23	6
23	10
23	27
23	8
23	23
23	1
28	37
28	0
28	20
28	18
28	7
28	19
34	8
34	28
34	39
34	17
34	24
34	27
39	16
39	29
39	12
39	13
39	29
39	20
4	20
4	28
4	1
4	5
4	25
4	27
9	18
9	21
9	22
9	26
9	23
9	14
14	29
14	14
14	21
14	13
14	7
14	26
19	25
19	14
19	36
19	9
19	1
19	21
24	34
24	33
24	19
24	27
24	2
24	7
29	19
29	19
29	10
29	10
29	21
29	12
30	30
30	30
30	30
30	7
30	19
30	8
35	35
35	35
35	35
35	3
35	0
35	9
0	0
0	11
0	0
0	0
0	9
0	5
5	5
5	5
5	5
5	5
5	8
5	5
10	10
10	14
10	10
10	10
10	17
10	12
15	15
15	15
15	15
15	15
15	15
15	12
20	9
20	20
20	9
20	6
20	15
20	12
25	14
25	5
25	30
25	31
25	1
25	9
31	31
31	31
31	31
31	31
31	31
31	7
36	36
36	10
36	36
36	36
36	7
36	4
1	1
1	1
1	1
1	11
1	6
1	10
6	6
6	6
6	6
6	17
6	6
6	6
11	11
11	9
11	7
11	17
11	7
11	11
16	11
16	16
16	7
16	5
16	16
16	11
21	13
21	14
21	6
21	21
21	6
21	7
26	26
26	26
26	26
26	10
26	1
26	7
32	32
32	0
32	11
32	39
32	10
32	8
37	37
37	37
37	3
37	37
37	39
37	37
2	2
2	2
2	2
2	8
2	6
2	5
7	9
7	5
7	7
7	7
7	2
7	8
12	12
12	12
12	9
12	8
12	12
12	9
17	17
17	1
17	17
17	16
17	11
17	17
22	22
22	9
22	15
22	28
22	22
22	3
27	2
27	4
27	10
27	1
27	1
27	3
33	33
33	16
33	33
33	33
33	35
33	33
38	38
38	9
38	1
38	32
38	38
38	10
3	3
3	6
3	0
3	3
3	3
3	4
8	8
8	7
8	8
8	8
8	0
8	9
13	9
13	1
13	7
13	13
13	39
13	34
18	18
18	4
18	2
18	18
18	6
18	11
23	3
23	9
23	23
23	8
23	8
23	23
28	28
28	8
28	10
28	10
28	1
28	15
34	34
34	2
34	7
34	34
34	34
34	34
39	17
39	39
39	39
39	39
39	8
39	39
4	4
4	4
4	10
4	9
4	1
4	10
9	3
9	9
9	7
9	11
9	12
9	4
14	14
14	8
14	9
14	8
14	14
14	6
19	19
19	2
19	8
19	9
19	19
19	8
24	24
24	7
24	3
24	1
24	0
24	10
29	24
29	29
29	29
29	19
29	35
29	29
30	30
30	30
30	30
30	30
30	1
30	30
35	35
35	35
35	35
35	35
35	35
35	1
0	0
0	0
0	38
0	0
0	0
0	0
5	5
5	5
5	5
5	5
5	5
5	5
10	2
10	10
10	18
10	28
10	10
10	37
15	14
15	15
15	15
15	12
15	15
15	0
20	2
20	8
20	8
20	2
20	20
20	6
25	39
25	7
25	25
25	39
25	38
25	25
31	31
31	31
31	1
31	1
31	1
31	2
36	36
36	36
36	36
36	36
36	36
36	0
1	1
1	1
1	1
1	1
1	1
1	1
6	6
6	2
6	6
6	19
6	6
6	1
11	2
11	2
11	3
11	34
11	11
11	4
16	16
16	12
16	1
16	1
16	16
16	16
21	21
21	4
21	4
21	21
21	7
21	2
26	0
26	0
26	37
26	26
26	26
26	26
32	2
32	32
32	2
32	1
32	0
32	1
37	37
37	37
37	37
37	37
37	37
37	37
2	2
2	0
2	2
2	2
2	2
2	1
7	1
7	7
7	1
7	2
7	4
7	7
12	12
12	2
12	36
12	1
12	3
12	12
17	1
17	7
17	2
17	1
17	3
17	17
22	2
22	1
22	13
22	39
22	22
22	22
27	27
27	0
27	24
27	38
27	0
27	5
33	33
33	33
33	0
33	33
33	33
33	33
38	38
38	38
38	38
38	38
38	38
38	38
3	3
3	3
3	0
3	3
3	3
3	3
8	8
8	8
8	0
8	8
8	39
8	8
13	1
13	13
13	12
13	36
13	12
13	13
18	7
18	39
18	4
18	38
18	18
18	17
23	18
23	2
23	39
23	39
23	0
23	0
28	28
28	39
28	13
28	28
28	22
28	4
34	34
34	34
34	34
34	34
34	34
34	34
39	39
39	39
39	39
39	38
39	39
39	39
4	4
4	4
4	4
4	4
4	4
4	0
9	9
9	3
9	5
9	9
9	9
9	9
14	14
14	6
14	14
14	14
14	14
14	14
19	1
19	19
19	38
19	10
19	36
19	38
24	39
24	2
24	37
24	2
24	24
24	39
29	29
29	10
29	29
29	29
29	3
29	1
30	10
30	18
30	14
30	25
30	12
30	28
35	9
35	23
35	31
35	31
35	17
35	25
0	5
0	35
0	36
0	38
0	1
0	3
5	3
5	0
5	1
5	20
5	2
5	5
10	33
10	0
10	2
10	1
10	38
10	5
15	8
15	30
15	29
15	15
15	27
15	15
20	33
20	29
20	33
20	33
20	17
20	16
25	19
25	23
25	9
25	6
25	22
25	25
31	6
31	31
31	36
31	2
31	31
31	31
36	11
36	9
36	14
36	38
36	6
36	26
1	20
1	3
1	30
1	15
1	24
1	0
6	26
6	18
6	8
6	1
6	2
6	1
11	29
11	4
11	31
11	3
11	15
11	15
16	4
16	39
16	6
16	23
16	5
16	8
21	31
21	3
21	3
21	38
21	24
21	6
26	25
26	15
26	28
26	19
26	18
26	3
32	16
32	13
32	1
32	9
32	8
32	4
37	4
37	18
37	2
37	13
37	3
37	0
2	1
2	22
2	20
2	6
2	7
2	7
7	30
7	2
7	8
7	6
7	12
7	16
12	31
12	39
12	21
12	8
12	37
12	25
17	26
17	11
17	9
17	19
17	7
17	39
22	7
22	22
22	22
22	9
22	34
22	24
27	17
27	13
27	27
27	36
27	32
27	27
33	4
33	34
33	8
33	21
33	4
33	0
38	3
38	4
38	12
38	38
38	38
38	3
3	3
3	3
3	12
3	34
3	4
3	5
8	25
8	4
8	4
8	4
8	32
8	3
13	1
13	10
13	8
13	1
13	12
13	1
18	7
18	23
18	1
18	24
18	6
18	3
23	14
23	32
23	28
23	36
23	13
23	4
28	29
28	20
28	19
28	4
28	37
28	36
34	16
34	30
34	8
34	16
34	24
34	34
39	36
39	38
39	15
39	39
39	29
39	7
4	4
4	34
4	14
4	38
4	0
4	9
9	19
9	4
9	2
9	25
9	4
9	11
14	3
14	2
14	5
14	26
14	14
14	21
19	38
19	0
19	8
19	8
19	14
19	13
24	6
24	12
24	4
24	38
24	30
24	19
29	13
29	6
29	18
29	4
29	19
29	27
30	29
30	17
30	30
30	30
30	30
30	10
35	6
35	35
35	35
35	35
35	35
35	35
0	2
0	6
0	0
0	0
0	17
0	0
5	5
5	6
5	5
5	5
5	5
5	7
10	19
10	10
10	8
10	39
10	30
10	16
15	30
15	38
15	20
15	20
15	20
15	13
20	15
20	25
20	15
20	15
20	30
20	3
25	30
25	33
25	24
25	21
25	22
25	25
31	31
31	31
31	3
31	31
31	34
31	31
36	36
36	35
36	3
36	36
36	36
36	35
1	1
1	1
1	1
1	1
1	1
1	1
6	0
6	39
6	6
6	0
6	6
6	7
11	12
11	8
11	12
11	3
11	3
11	15
16	17
16	21
16	22
16	5
16	28
16	5
21	9
21	21
21	25
21	22
21	11
21	22
26	30
26	3
26	1
26	20
26	32
26	8
32	12
32	32
32	4
32	4
32	32
32	32
37	1
37	37
37	37
37	37
37	37
37	30
2	2
2	2
2	16
2	36
2	2
2	2
7	38
7	7
7	2
7	35
7	2
7	7
12	12
12	12
12	4
12	12
12	12
12	13
17	30
17	2
17	15
17	18
17	14
17	13
22	17
22	22
22	7
22	3
22	17
22	23
27	1
27	4
27	23
27	10
27	36
27	39
33	33
33	33
33	5
33	33
33	33
33	14
38	38
38	38
38	0
38	24
38	17
38	6
3	3
3	31
3	5
3	39
3	3
3	3
8	11
8	8
8	13
8	27
8	7
8	8
13	5
13	9
13	24
13	11
13	13
13	10
18	29
18	2
18	19
18	14
18	18
18	19
23	23
23	23
23	7
23	7
23	23
23	3
28	31
28	28
28	0
28	5
28	36
28	29
34	15
34	11
34	34
34	0
34	34
34	6
39	39
39	4
39	37
39	1
39	39
39	39
4	4
4	4
4	7
4	21
4	3
4	4
9	7
9	25
9	12
9	39
9	9
9	39
14	19
14	14
14	14
14	13
14	14
14	14
19	19
19	27
19	39
19	15
19	30
19	9
24	24
24	24
24	24
24	31
24	21
24	29
29	24
29	23
29	10
29	15
29	31
29	3
30	27
30	30
30	30
30	30
30	30
30	30
35	35
35	35
35	35
35	35
35	35
35	35
0	0
0	0
0	0
0	0
0	0
0	0
5	5
5	5
5	5
5	5
5	5
5	5
10	10
10	10
10	10
10	28
10	10
10	10
15	15
15	15
15	15
15	15
15	15
15	15
20	20
20	20
20	20
20	20
20	20
20	20
25	25
25	25
25	25
25	25
25	25
25	25
31	19
31	31
31	31
31	31
31	31
31	31
36	36
36	36
36	36
36	36
36	36
36	36
1	1
1	1
1	1
1	1
1	1
1	1
6	6
6	6
6	6
6	6
6	6
6	6
11	11
11	11
11	11
11	11
11	11
11	11
16	16
16	16
16	16
16	16
16	16
16	16
21	21
21	21
21	21
21	21
21	21
21	21
26	26
26	26
26	26
26	26
26	26
26	26
32	27
32	32
32	32
32	32
32	32
32	31
37	37
37	37
37	37
37	37
37	37
37	37
2	2
2	2
2	2
2	2
2	2
2	2
7	7
7	7
7	7
7	7
7	12
7	7
12	12
12	12
12	12
12	12
12	12
12	12
17	17
17	17
17	17
17	17
17	17
17	17
22	22
22	22
22	22
22	22
22	22
22	22
27	27
27	27
27	27
27	27
27	27
27	27
33	33
33	33
33	33
33	33
33	33
33	33
38	38
38	38
38	38
38	38
38	38
38	38
3	3
3	3
3	3
3	3
3	3
3	3
8	8
8	8
8	8
8	8
8	8
8	8
13	13
13	13
13	13
13	13
13	13
13	13
18	18
18	18
18	18
18	18
18	18
18	18
23	23
23	23
23	23
23	23
23	23
23	23
28	28
28	28
28	28
28	28
28	28
28	28
34	34
34	34
34	34
34	34
34	34
34	34
39	39
39	39
39	39
39	39
39	39
39	39
4	4
4	4
4	4
4	4
4	4
4	4
9	9
9	9
9	9
9	9
9	9
9	9
14	14
14	14
14	14
14	14
14	14
14	14
19	19
19	19
19	19
19	19
19	19
19	19
24	24
24	24
24	24
24	24
24	24
24	24
29	29
29	29
29	29
29	29
29	29
29	29
30	5
30	30
30	30
30	36
30	18
30	8
35	35
35	35
35	35
35	35
35	35
35	35
0	0
0	0
0	1
0	0
0	0
0	0
5	6
5	5
5	5
5	0
5	6
5	6
10	10
10	10
10	11
10	10
10	5
10	10
15	15
15	15
15	15
15	2
15	10
15	15
20	20
20	20
20	20
20	5
20	15
20	20
25	25
25	34
25	25
25	20
25	30
25	20
31	31
31	31
31	15
31	3
31	37
31	3
36	38
36	36
36	36
36	36
36	36
36	36
1	1
1	1
1	1
1	1
1	1
1	35
6	6
6	6
6	6
6	6
6	6
6	1
11	11
11	13
11	11
11	11
11	6
11	6
16	11
16	6
16	11
16	15
16	11
16	11
21	21
21	16
21	16
21	16
21	21
21	16
26	26
26	26
26	20
26	21
26	5
26	34
32	32
32	32
32	32
32	32
32	32
32	23
37	37
37	37
37	37
37	36
37	38
37	37
2	2
2	2
2	2
2	2
2	3
2	2
7	7
7	2
7	7
7	2
7	2
7	7
12	12
12	12
12	12
12	12
12	12
12	7
17	11
17	13
17	12
17	17
17	16
17	17
22	22
22	22
22	22
22	22
22	17
22	22
27	22
27	27
27	22
27	22
27	27
27	22
33	26
33	33
33	33
33	33
33	33
33	34
38	38
38	38
38	33
38	33
38	37
38	38
3	4
3	3
3	38
3	38
3	3
3	6
8	8
8	9
8	8
8	8
8	8
8	3
13	13
13	13
13	8
13	13
13	13
13	12
18	13
18	18
18	10
18	13
18	13
18	13
23	23
23	23
23	18
23	18
23	17
23	23
28	23
28	23
28	27
28	23
28	28
28	28
34	10
34	34
34	34
34	39
34	39
34	34
39	39
39	39
39	39
39	39
39	39
39	39
4	21
4	4
4	4
4	4
4	4
4	4
9	9
9	4
9	4
9	3
9	8
9	7
14	14
14	14
14	9
14	9
14	14
14	9
19	14
19	19
19	19
19	14
19	19
19	14
24	24
24	19
24	24
24	19
24	19
24	23
29	29
29	24
29	29
29	23
29	29
29	7
30	30
30	7
30	31
30	31
30	5
30	33
35	31
35	23
35	34
35	25
35	31
35	19
0	30
0	8
0	31
0	8
0	16
0	18
5	13
5	21
5	5
5	31
5	31
5	26
10	31
10	39
10	21
10	32
10	14
10	1
15	25
15	35
15	33
15	34
15	31
15	21
20	28
20	35
20	34
20	34
20	32
20	13
25	31
25	17
25	31
25	32
25	31
25	30
31	3
31	3
31	33
31	5
31	31
31	0
36	7
36	31
36	33
36	27
36	27
36	10
1	27
1	0
1	5
1	32
1	31
1	1
6	30
6	11
6	8
6	32
6	0
6	32
11	30
11	27
11	26
11	24
11	33
11	31
16	15
16	23
16	34
16	27
16	33
16	11
21	31
21	8
21	15
21	3
21	31
21	32
26	22
26	1
26	25
26	21
26	18
26	33
32	5
32	32
32	22
32	24
32	37
32	16
37	11
37	21
37	34
37	23
37	31
37	32
2	30
2	4
2	2
2	5
2	31
2	33
7	30
7	12
7	34
7	23
7	15
7	33
12	32
12	36
12	28
12	33
12	31
12	36
17	32
17	8
17	6
17	35
17	38
17	33
22	34
22	22
22	1
22	35
22	33
22	39
27	1
27	24
27	22
27	26
27	31
27	30
33	31
33	3
33	34
33	31
33	12
33	27
38	31
38	3
38	6
38	28
38	33
38	28
3	38
3	38
3	11
3	33
3	17
3	34
8	32
8	21
8	33
8	32
8	38
8	32
13	29
13	3
13	34
13	32
13	32
13	32
18	31
18	11
18	10
18	33
18	33
18	32
23	10
23	34
23	14
23	33
23	4
23	32
28	31
28	37
28	25
28	15
28	0
28	30
34	34
34	6
34	7
34	39
34	25
34	30
39	30
39	38
39	39
39	33
39	32
39	31
4	12
4	26
4	34
4	33
4	25
4	39
9	9
9	14
9	0
9	33
9	32
9	1
14	31
14	4
14	34
14	34
14	34
14	6
19	0
19	30
19	12
19	33
19	30
19	32
24	26
24	34
24	29
24	29
24	31
24	29
29	31
29	27
29	9
29	33
29	33
29	6
30	30
30	30
30	30
30	30
30	30
30	30
35	35
35	35
35	35
35	35
35	35
35	35
0	0
0	0
0	0
0	0
0	0
0	0
5	5
5	5
5	5
5	5
5	5
5	5
10	10
10	10
10	10
10	10
10	10
10	10
15	15
15	15
15	33
15	15
15	15
15	2
20	20
20	20
20	18
20	20
20	20
20	20
25	25
25	25
25	20
25	25
25	25
25	25
31	31
31	15
31	15
31	31
31	31
31	31
36	36
36	36
36	36
36	36
36	36
36	36
1	1
1	1
1	1
1	1
1	1
1	1
6	6
6	6
6	6
6	6
6	6
6	6
11	11
11	11
11	17
11	11
11	11
11	11
16	16
16	16
16	16
16	16
16	16
16	16
21	21
21	21
21	39
21	21
21	21
21	21
26	10
26	27
26	2
26	27
26	26
26	26
32	32
32	28
32	0
32	3
32	32
32	32
37	37
37	37
37	37
37	37
37	37
37	37
2	2
2	2
2	2
2	2
2	2
2	2
7	7
7	7
7	7
7	7
7	7
7	7
12	12
12	12
12	12
12	12
12	12
12	12
17	17
17	17
17	17
17	17
17	17
17	17
22	23
22	33
22	27
22	22
22	26
22	22
27	21
27	1
27	27
27	30
27	27
27	27
33	34
33	26
33	33
33	33
33	33
33	33
38	38
38	38
38	38
38	38
38	38
38	38
3	3
3	3
3	3
3	3
3	3
3	3
8	8
8	8
8	28
8	8
8	8
8	8
13	13
13	13
13	13
13	13
13	13
13	13
18	18
18	18
18	18
18	18
18	20
18	18
23	18
23	19
23	5
23	23
23	23
23	23
28	9
28	28
28	14
28	28
28	5
28	28
34	35
34	18
34	34
34	34
34	34
34	34
39	39
39	39
39	28
39	39
39	39
39	39
4	4
4	28
4	4
4	4
4	4
4	4
9	9
9	9
9	32
9	9
9	9
9	9
14	14
14	14
14	27
14	14
14	14
14	14
19	13
19	19
19	14
19	19
19	19
19	19
24	24
24	4
24	5
24	25
24	24
24	24
29	29
29	23
29	23
29	6
29	29
29	29
