30	16
30	15
30	7
30	0
30	5
30	16
35	14
35	1
35	8
35	1
35	34
35	6
0	15
0	4
0	19
0	0
0	9
0	21
5	4
5	11
5	2
5	21
5	1
5	1
10	18
10	36
10	6
10	4
10	35
10	12
15	3
15	4
15	15
15	4
15	2
15	15
20	20
20	17
20	20
20	20
20	3
20	13
25	25
25	9
25	25
25	25
25	6
25	6
31	31
31	37
31	4
31	17
31	12
31	12
36	12
36	0
36	2
36	39
36	37
36	12
1	1
1	37
1	8
1	1
1	1
1	1
6	3
6	11
6	6
6	13
6	2
6	11
11	10
11	15
11	17
11	5
11	11
11	17
16	17
16	10
16	15
16	1
16	11
16	6
21	6
21	7
21	6
21	23
21	12
21	1
26	6
26	2
26	26
26	26
26	14
26	8
32	15
32	9
32	3
32	33
32	9
32	6
37	3
37	4
37	37
37	37
37	37
37	0
2	4
2	5
2	2
2	8
2	9
2	2
7	12
7	3
7	12
7	3
7	13
7	17
12	12
12	1
12	19
12	11
12	12
12	12
17	11
17	17
17	17
17	5
17	13
17	3
22	1
22	16
22	5
22	15
22	22
22	2
27	27
27	27
27	27
27	27
27	27
27	27
33	2
33	3
33	8
33	6
33	17
33	8
38	15
38	6
38	4
38	1
38	37
38	14
3	5
3	15
3	38
3	18
3	38
3	1
8	8
8	8
8	0
8	2
8	8
8	15
13	32
13	2
13	11
13	16
13	14
13	2
18	13
18	17
18	13
18	11
18	6
18	6
23	23
23	4
23	10
23	2
23	8
23	8
28	8
28	28
28	28
28	28
28	16
28	28
34	2
34	17
34	10
34	9
34	5
34	28
39	15
39	7
39	7
39	8
39	10
39	10
4	17
4	8
4	2
4	5
4	11
4	7
9	13
9	5
9	9
9	9
9	9
9	18
14	2
14	4
14	9
14	2
14	13
14	14
19	7
19	19
19	8
19	3
19	3
19	17
24	16
24	24
24	23
24	9
24	12
24	8
29	5
29	20
29	15
29	3
29	12
29	6
30	37
30	4
30	1
30	1
30	1
30	10
35	38
35	2
35	22
35	11
35	12
35	37
0	37
0	36
0	36
0	12
0	16
0	1
5	3
5	38
5	14
5	2
5	7
5	39
10	8
10	10
10	0
10	11
10	6
10	10
15	3
15	3
15	39
15	18
15	4
15	6
20	4
20	14
20	6
20	21
20	2
20	16
25	29
25	17
25	15
25	10
25	9
25	5
31	11
31	2
31	0
31	4
31	5
31	6
36	39
36	8
36	2
36	39
36	26
36	36
1	1
1	10
1	7
1	3
1	14
1	8
6	2
6	14
6	6
6	6
6	8
6	11
11	6
11	25
11	7
11	2
11	3
11	14
16	0
16	4
16	14
16	3
16	11
16	12
21	5
21	26
21	37
21	13
21	14
21	13
26	4
26	10
26	5
26	11
26	22
26	1
32	9
32	1
32	13
32	10
32	36
32	4
37	14
37	23
37	10
37	24
37	33
37	7
2	2
2	3
2	37
2	38
2	10
2	7
7	11
7	38
7	7
7	13
7	5
7	32
12	1
12	15
12	14
12	7
12	37
12	11
17	10
17	6
17	30
17	3
17	16
17	15
22	3
22	18
22	12
22	35
22	6
22	16
27	39
27	20
27	37
27	8
27	4
27	9
33	9
33	1
33	2
33	7
33	15
33	10
38	2
38	3
38	38
38	38
38	6
38	10
3	30
3	39
3	2
3	9
3	5
3	3
8	2
8	30
8	21
8	16
8	10
8	39
13	37
13	9
13	3
13	23
13	9
13	13
18	16
18	7
18	9
18	23
18	7
18	10
23	11
23	29
23	3
23	8
23	8
23	24
28	28
28	2
28	8
28	1
28	7
28	9
34	13
34	12
34	14
34	10
34	9
34	21
39	39
39	11
39	38
39	4
39	39
39	8
4	32
4	15
4	9
4	39
4	11
4	14
9	14
9	1
9	21
9	11
9	9
9	15
14	11
14	3
14	37
14	39
14	19
14	1
19	15
19	16
19	6
19	9
19	9
19	8
24	7
24	1
24	8
24	12
24	24
24	2
29	29
29	29
29	2
29	38
29	20
29	6
	29
29	29
29	29
29	29
29	29
30	34
30	2
30	30
30	33
30	33
30	1
35	35
35	29
35	35
35	35
35	35
35	35
0	0
0	32
0	31
0	1
0	38
0	0
5	5
5	5
5	13
5	6
5	4
5	3
10	8
10	10
10	37
10	1
10	10
10	11
15	15
15	24
15	30
15	15
15	4
15	2
20	37
20	32
20	20
20	36
20	38
20	33
25	25
25	7
25	25
25	0
25	20
25	25
31	31
31	32
31	31
31	31
31	19
31	31
36	36
36	36
36	38
36	36
36	6
36	36
1	1
1	1
1	1
1	1
1	35
1	1
6	6
6	6
6	6
6	6
6	36
6	6
11	11
11	11
11	35
11	11
11	31
11	6
16	16
16	16
16	16
16	16
16	38
16	16
21	21
21	21
21	21
21	21
21	37
21	21
26	26
26	26
26	27
26	31
26	38
26	26
32	12
32	32
32	32
32	30
32	32
32	2
37	37
37	37
37	37
37	37
37	33
37	37
2	2
2	2
2	2
2	2
2	2
2	2
7	7
7	7
7	7
7	32
7	36
7	4
12	12
12	12
12	12
12	12
12	0
12	12
17	17
17	17
17	17
17	17
17	17
17	17
22	22
22	33
22	36
22	22
22	33
22	22
27	27
27	35
27	27
27	27
27	34
27	27
33	1
33	11
33	33
33	37
33	3
33	33
38	38
38	38
38	38
38	0
38	38
38	38
3	3
3	3
3	3
3	3
3	35
3	3
8	8
8	8
8	8
8	31
8	37
8	8
13	13
13	13
13	13
13	37
13	1
13	13
18	18
18	18
18	9
18	18
18	32
18	18
23	23
23	23
23	33
23	23
23	35
23	23
28	28
28	28
28	28
28	28
28	35
28	28
34	34
34	37
34	34
34	34
34	34
34	34
39	39
39	39
39	39
39	39
39	39
39	39
4	4
4	4
4	4
4	4
4	4
4	4
9	9
9	9
9	9
9	9
9	9
9	9
14	14
14	14
14	14
14	14
14	37
14	14
19	19
19	19
19	19
19	36
19	19
19	19
24	24
24	24
24	24
24	37
24	24
24	24
29	29
29	29
29	4
29	29
29	29
29	29
30	30
30	30
30	30
30	30
30	30
30	25
35	35
35	17
35	35
35	35
35	35
35	35
0	0
0	0
0	0
0	0
0	0
0	16
5	5
5	5
5	5
5	5
5	5
5	21
10	10
10	10
10	10
10	10
10	10
10	16
15	15
15	15
15	15
15	15
15	15
15	16
20	20
20	20
20	20
20	20
20	20
20	20
25	25
25	25
25	25
25	25
25	10
25	25
31	25
31	31
31	31
31	31
31	31
31	15
36	36
36	11
36	36
36	9
36	36
36	22
1	1
1	1
1	1
1	1
1	1
1	1
6	6
6	6
6	6
6	6
6	6
6	6
11	11
11	11
11	11
11	10
11	11
11	11
16	16
16	16
16	16
16	16
16	16
16	16
21	21
21	21
21	21
21	21
21	21
21	21
26	26
26	26
26	26
26	26
26	26
26	26
32	5
32	21
32	32
32	32
32	32
32	14
37	37
37	37
37	37
37	37
37	37
37	12
2	2
2	11
2	2
2	2
2	2
2	2
7	7
7	14
7	7
7	7
7	7
7	24
12	7
12	12
12	12
12	12
12	12
12	12
17	17
17	17
17	12
17	17
17	17
17	17
22	22
22	22
22	16
22	22
22	22
22	24
27	27
27	27
27	27
27	27
27	27
27	27
33	33
33	12
33	27
33	33
33	33
33	12
38	38
38	38
38	38
38	38
38	38
38	37
3	3
3	3
3	3
3	3
3	3
3	3
8	8
8	8
8	8
8	8
8	8
8	8
13	13
13	7
13	13
13	13
13	13
13	19
18	18
18	18
18	18
18	18
18	11
18	0
23	23
23	23
23	23
23	23
23	23
23	23
28	28
28	28
28	28
28	28
28	28
28	28
34	35
34	34
34	34
34	22
34	34
34	34
39	39
39	39
39	39
39	39
39	39
39	7
4	14
4	6
4	4
4	4
4	4
4	4
9	9
9	9
9	9
9	9
9	9
9	9
14	14
14	4
14	14
14	14
14	14
14	14
19	19
19	19
19	19
19	19
19	19
19	19
24	24
24	24
24	24
24	3
24	24
24	24
29	29
29	15
29	29
29	14
29	29
29	29
30	1
30	36
30	26
30	36
30	37
30	36
35	27
35	0
35	1
35	35
35	31
35	31
0	34
0	36
0	36
0	21
0	0
0	32
5	31
5	36
5	39
5	8
5	26
5	1
10	37
10	36
10	37
10	36
10	11
10	10
15	28
15	32
15	38
15	15
15	36
15	36
20	34
20	38
20	38
20	36
20	38
20	1
25	36
25	39
25	38
25	38
25	21
25	39
31	4
31	36
31	17
31	36
31	39
31	36
36	35
36	33
36	13
36	0
36	14
36	32
1	1
1	36
1	1
1	35
1	31
1	38
6	10
6	37
6	6
6	39
6	37
6	28
11	8
11	1
11	11
11	39
11	0
11	11
16	16
16	16
16	22
16	10
16	9
16	3
21	33
21	21
21	38
21	21
21	24
21	17
26	25
26	31
26	27
26	37
26	37
26	38
32	35
32	34
32	38
32	37
32	32
32	37
37	37
37	29
37	22
37	36
37	3
37	1
2	36
2	36
2	2
2	36
2	38
2	31
7	7
7	8
7	7
7	36
7	37
7	3
12	3
12	36
12	12
12	37
12	9
12	35
17	20
17	15
17	33
17	38
17	24
17	11
22	16
22	5
22	18
22	36
22	22
22	6
27	23
27	24
27	2
27	28
27	4
27	38
33	28
33	37
33	18
33	32
33	37
33	4
38	36
38	2
38	38
38	2
38	34
38	27
3	39
3	19
3	38
3	39
3	37
3	39
8	32
8	35
8	8
8	4
8	37
8	4
13	39
13	0
13	39
13	13
13	17
13	34
18	35
18	22
18	28
18	37
18	37
18	37
23	35
23	9
23	27
23	2
23	31
23	0
28	13
28	11
28	22
28	39
28	2
28	31
34	37
34	36
34	37
34	16
34	34
34	36
39	39
39	37
39	9
39	39
39	0
39	30
4	23
4	37
4	36
4	38
4	10
4	4
9	36
9	16
9	9
9	3
9	2
9	9
14	37
14	35
14	10
14	8
14	33
14	38
19	36
19	20
19	23
19	15
19	15
19	18
24	18
24	24
24	12
24	37
24	39
24	18
29	29
29	28
29	38
29	10
29	10
29	3
30	39
30	39
30	10
30	20
30	4
30	2
35	11
35	21
35	16
35	10
35	25
35	16
0	0
0	12
0	37
0	1
0	9
0	5
5	5
5	7
5	39
5	6
5	6
5	7
10	12
10	16
10	4
10	8
10	10
10	11
15	13
15	10
15	0
15	13
15	6
15	3
20	2
20	11
20	7
20	8
20	19
20	4
25	25
25	18
25	8
25	27
25	4
25	7
31	8
31	10
31	4
31	20
31	4
31	1
36	4
36	13
36	5
36	32
36	5
36	4
1	11
1	14
1	6
1	1
1	11
1	39
6	6
6	6
6	28
6	6
6	29
6	3
11	11
11	15
11	7
11	4
11	6
11	10
16	9
16	11
16	9
16	8
16	9
16	3
21	23
21	5
21	8
21	8
21	3
21	8
26	32
26	11
26	10
26	26
26	9
26	8
32	8
32	8
32	36
32	8
32	31
32	31
37	6
37	36
37	9
37	5
37	12
37	1
2	4
2	2
2	9
2	5
2	6
2	11
7	10
7	15
7	11
7	7
7	0
7	37
12	7
12	8
12	5
12	11
12	9
12	22
17	10
17	20
17	7
17	12
17	12
17	7
22	7
22	4
22	14
22	9
22	14
22	6
27	28
27	5
27	8
27	8
27	25
27	28
33	11
33	7
33	5
33	12
33	33
33	11
38	3
38	28
38	7
38	3
38	16
38	8
3	21
3	8
3	5
3	11
3	15
3	8
8	5
8	7
8	5
8	8
8	36
8	6
13	10
13	9
13	13
13	4
13	7
13	7
18	27
18	8
18	18
18	3
18	5
18	19
23	12
23	7
23	1
23	6
23	13
23	12
28	16
28	11
28	39
28	10
28	8
28	7
34	36
34	37
34	6
34	10
34	4
34	3
39	5
39	5
39	7
39	9
39	38
39	13
4	4
4	9
4	12
4	10
4	20
4	7
9	7
9	22
9	3
9	6
9	9
9	8
14	13
14	39
14	6
14	18
14	9
14	4
19	33
19	8
19	9
19	11
19	19
19	13
24	11
24	24
24	10
24	8
24	5
24	4
29	5
29	7
29	6
29	9
29	9
29	15
30	16
30	35
30	31
30	10
30	30
30	0
35	36
35	0
35	18
35	1
35	36
35	14
0	35
0	36
0	0
0	0
0	12
0	22
5	5
5	1
5	4
5	5
5	2
5	35
10	11
10	5
10	10
10	32
10	10
10	6
15	38
15	30
15	2
15	31
15	39
15	10
20	1
20	30
20	20
20	7
20	18
20	20
25	35
25	15
25	25
25	32
25	31
25	0
31	37
31	3
31	30
31	34
31	26
31	4
36	33
36	38
36	11
36	1
36	35
36	38
1	1
1	1
1	30
1	35
1	3
1	1
6	0
6	13
6	35
6	36
6	30
6	30
11	1
11	7
11	33
11	31
11	36
11	32
16	7
16	4
16	32
16	16
16	16
16	19
21	30
21	22
21	20
21	37
21	35
21	36
26	22
26	21
26	19
26	35
26	20
26	10
32	30
32	32
32	32
32	33
32	36
32	38
37	34
37	37
37	32
37	37
37	31
37	34
2	31
2	31
2	6
2	31
2	36
2	38
7	2
7	13
7	10
7	36
7	9
7	34
12	1
12	10
12	17
12	8
12	12
12	33
17	39
17	17
17	2
17	8
17	30
17	34
22	31
22	16
22	37
22	22
22	33
22	5
27	0
27	0
27	32
27	38
27	30
27	33
33	33
33	9
33	5
33	32
33	33
33	38
38	19
38	38
38	30
38	0
38	14
38	31
3	2
3	3
3	37
3	1
3	7
3	34
8	39
8	39
8	16
8	3
8	9
8	1
13	13
13	13
13	31
13	1
13	31
13	38
18	30
18	0
18	37
18	33
18	12
18	18
23	32
23	7
23	30
23	23
23	27
23	39
28	35
28	31
28	28
28	34
28	34
28	18
34	30
34	9
34	27
34	39
34	34
34	9
39	3
39	3
39	4
39	39
39	34
39	39
4	32
4	39
4	37
4	30
4	15
4	4
9	30
9	35
9	8
9	5
9	37
9	14
14	14
14	32
14	31
14	14
14	35
14	38
19	19
19	30
19	26
19	11
19	35
19	38
24	24
24	20
24	38
24	12
24	37
24	6
29	2
29	2
29	32
29	29
29	29
29	36
30	29
30	1
30	6
30	9
30	9
30	39
35	2
35	4
35	4
35	0
35	19
35	16
0	11
0	9
0	6
0	1
0	21
0	10
5	2
5	12
5	6
5	17
5	6
5	7
10	13
10	5
10	0
10	6
10	9
10	21
15	4
15	25
15	38
15	7
15	3
15	0
20	24
20	27
20	22
20	0
20	12
20	15
25	16
25	11
25	9
25	8
25	4
25	18
31	12
31	18
31	9
31	5
31	38
31	1
36	5
36	35
36	39
36	3
36	7
36	6
1	9
1	8
1	4
1	17
1	15
1	1
6	11
6	3
6	13
6	10
6	9
6	11
11	3
11	5
11	9
11	9
11	6
11	11
16	6
16	7
16	13
16	16
16	11
16	36
21	12
21	2
21	33
21	38
21	21
21	22
26	20
26	6
26	11
26	2
26	8
26	36
32	6
32	18
32	4
32	3
32	7
32	37
37	8
37	37
37	39
37	0
37	4
37	3
2	4
2	3
2	19
2	5
2	9
2	4
7	11
7	7
7	6
7	3
7	14
7	3
12	6
12	12
12	1
12	39
12	10
12	2
17	5
17	2
17	26
17	17
17	7
17	0
22	11
22	2
22	36
22	7
22	5
22	3
27	5
27	38
27	26
27	22
27	2
27	0
33	6
33	4
33	4
33	9
33	38
33	16
38	8
38	7
38	2
38	1
38	12
38	4
3	7
3	25
3	5
3	29
3	5
3	1
8	5
8	36
8	37
8	9
8	8
8	2
13	10
13	4
13	2
13	16
13	7
13	6
18	9
18	4
18	0
18	18
18	36
18	39
23	12
23	4
23	18
23	24
23	9
23	10
28	18
28	38
28	2
28	1
28	13
28	16
34	2
34	5
34	0
34	2
34	10
34	4
39	26
39	0
39	1
39	3
39	19
39	25
4	37
4	4
4	3
4	2
4	0
4	0
9	8
9	9
9	31
9	0
9	8
9	2
14	10
14	9
14	34
14	4
14	39
14	1
19	3
19	10
19	0
19	0
19	3
19	28
24	0
24	36
24	5
24	1
24	7
24	3
29	14
29	6
29	3
29	3
29	39
29	20
30	4
30	37
30	2
30	2
30	6
30	27
35	34
35	2
35	1
35	4
35	1
35	12
0	5
0	37
0	38
0	16
0	5
0	33
5	10
5	4
5	36
5	0
5	34
5	15
10	4
10	0
10	39
10	4
10	34
10	38
15	6
15	35
15	33
15	37
15	17
15	29
20	28
20	1
20	38
20	3
20	38
20	3
25	36
25	30
25	26
25	9
25	29
25	1
31	17
31	0
31	3
31	39
31	35
31	37
36	8
36	0
36	2
36	33
36	3
36	31
1	5
1	4
1	0
1	20
1	38
1	1
6	11
6	11
6	19
6	10
6	2
6	27
11	10
11	5
11	8
11	21
11	19
11	28
16	26
16	27
16	35
16	22
16	33
16	36
21	8
21	0
21	1
21	15
21	34
21	35
26	14
26	39
26	7
26	36
26	26
26	34
32	39
32	36
32	24
32	39
32	25
32	33
37	8
37	2
37	37
37	39
37	26
37	30
2	1
2	6
2	39
2	37
2	22
2	27
7	3
7	0
7	8
7	33
7	38
7	36
12	8
12	36
12	7
12	35
12	0
12	18
17	31
17	31
17	39
17	5
17	0
17	24
22	0
22	37
22	39
22	37
22	6
22	38
27	1
27	27
27	36
27	21
27	25
27	32
33	3
33	1
33	15
33	34
33	5
33	39
38	10
38	2
38	7
38	1
38	30
38	38
3	1
3	36
3	17
3	6
3	1
3	39
8	38
8	14
8	5
8	0
8	12
8	0
13	36
13	36
13	4
13	38
13	0
13	29
18	32
18	35
18	1
18	39
18	30
18	36
23	5
23	8
23	6
23	37
23	23
23	4
28	39
28	22
28	34
28	34
28	39
28	1
34	4
34	12
34	35
34	39
34	35
34	26
39	26
39	20
39	22
39	8
39	4
39	33
4	4
4	8
4	38
4	36
4	31
4	24
9	37
9	20
9	14
9	13
9	22
9	8
14	9
14	8
14	36
14	5
14	8
14	34
19	4
19	33
19	32
19	5
19	5
19	33
24	28
24	2
24	39
24	37
24	32
24	0
29	6
29	1
29	18
29	25
29	27
29	32
29	29
29	29
29	29
29	29
30	15
30	7
30	16
30	13
30	23
30	6
35	13
35	32
35	17
35	7
35	11
35	11
0	13
0	29
0	38
0	20
0	22
0	3
5	1
5	5
5	16
5	15
5	23
5	37
10	6
10	10
10	4
10	19
10	11
10	31
15	10
15	18
15	35
15	1
15	13
15	38
20	0
20	13
20	30
20	17
20	38
20	10
25	11
25	28
25	3
25	15
25	9
25	1
31	16
31	17
31	32
31	8
31	9
31	36
36	4
36	23
36	10
36	14
36	13
36	23
1	14
1	14
1	10
1	1
1	34
1	25
6	16
6	26
6	22
6	16
6	16
6	32
11	23
11	3
11	21
11	32
11	22
11	28
16	14
16	11
16	23
16	24
16	14
16	6
21	4
21	13
21	13
21	21
21	8
21	27
26	13
26	15
26	13
26	37
26	18
26	36
32	0
32	0
32	39
32	6
32	16
32	14
37	32
37	8
37	31
37	7
37	21
37	19
2	23
2	11
2	11
2	2
2	17
2	22
7	22
7	10
7	29
7	4
7	12
7	7
12	12
12	11
12	15
12	37
12	33
12	13
17	11
17	39
17	33
17	4
17	19
17	14
22	16
22	39
22	1
22	9
22	12
22	15
27	19
27	16
27	8
27	24
27	6
27	16
33	15
33	13
33	6
33	15
33	11
33	2
38	14
38	38
38	19
38	38
38	11
38	36
3	29
3	13
3	9
3	7
3	11
3	16
8	26
8	33
8	39
8	1
8	1
8	11
13	28
13	28
13	18
13	38
13	7
13	36
18	0
18	13
18	27
18	16
18	32
18	36
23	5
23	7
23	4
23	9
23	14
23	5
28	27
28	1
28	14
28	21
28	16
28	14
34	8
34	14
34	37
34	3
34	21
34	8
39	24
39	1
39	0
39	14
39	7
39	7
4	2
4	18
4	17
4	38
4	19
4	20
9	7
9	25
9	17
9	8
9	36
9	27
14	12
14	13
14	13
14	33
14	6
14	33
19	33
19	32
19	11
19	17
19	16
19	5
24	19
24	2
24	8
24	4
24	4
24	8
29	20
29	37
29	4
29	20
29	38
29	24
30	35
30	20
30	21
30	33
30	1
30	21
35	4
35	1
35	38
35	1
35	5
35	32
0	5
0	35
0	9
0	29
0	5
0	9
5	30
5	8
5	0
5	38
5	1
5	18
10	18
10	1
10	11
10	37
10	34
10	34
15	20
15	37
15	36
15	12
15	18
15	33
20	34
20	10
20	16
20	16
20	23
20	26
25	5
25	37
25	30
25	26
25	37
25	36
31	39
31	15
31	4
31	39
31	7
31	3
36	30
36	0
36	4
36	30
36	4
36	37
1	39
1	29
1	10
1	26
1	4
1	5
6	7
6	6
6	2
6	3
6	10
6	31
11	24
11	1
11	26
11	21
11	4
11	20
16	17
16	16
16	27
16	39
16	6
16	21
21	16
21	16
21	25
21	0
21	5
21	15
26	30
26	0
26	38
26	4
26	20
26	20
32	32
32	24
32	33
32	25
32	32
32	26
37	31
37	0
37	38
37	32
37	3
37	33
2	2
2	36
2	7
2	17
2	38
2	36
7	5
7	9
7	25
7	7
7	12
7	1
12	37
12	12
12	6
12	15
12	12
12	36
17	13
17	0
17	21
17	28
17	17
17	16
22	38
22	1
22	34
22	23
22	32
22	5
27	23
27	13
27	21
27	39
27	7
27	20
33	34
33	8
33	29
33	29
33	37
33	9
38	4
38	38
38	3
38	14
38	2
38	34
3	3
3	38
3	8
3	9
3	9
3	18
8	2
8	29
8	38
8	13
8	10
8	12
13	3
13	4
13	32
13	2
13	2
13	9
18	23
18	23
18	7
18	34
18	8
18	14
23	20
23	36
23	8
23	6
23	19
23	17
28	22
28	23
28	22
28	35
28	24
28	11
34	34
34	14
34	36
34	28
34	23
34	0
39	22
39	34
39	21
39	39
39	26
39	31
4	29
4	7
4	2
4	34
4	30
4	38
9	38
9	7
9	34
9	13
9	7
9	4
14	4
14	14
14	14
14	24
14	25
14	30
19	14
19	19
19	3
19	35
19	23
19	24
24	23
24	24
24	14
24	13
24	21
24	17
29	32
29	25
29	39
29	14
29	25
29	23
30	4
30	0
30	4
30	38
30	9
30	39
35	35
35	6
35	12
35	13
35	8
35	2
0	0
0	0
0	4
0	11
0	9
0	5
5	4
5	7
5	5
5	5
5	5
5	2
10	8
10	10
10	10
10	13
10	10
10	4
15	15
15	13
15	19
15	14
15	15
15	15
20	12
20	20
20	5
20	1
20	3
20	19
25	39
25	36
25	5
25	2
25	3
25	8
31	0
31	39
31	0
31	38
31	33
31	22
36	39
36	0
36	0
36	5
36	7
36	39
1	5
1	9
1	7
1	39
1	6
1	13
6	6
6	16
6	6
6	15
6	3
6	39
11	15
11	11
11	6
11	7
11	14
11	1
16	0
16	9
16	8
16	5
16	16
16	38
21	12
21	14
21	1
21	38
21	1
21	9
26	17
26	3
26	1
26	0
26	6
26	11
32	9
32	10
32	7
32	39
32	4
32	0
37	11
37	8
37	5
37	1
37	6
37	6
2	2
2	2
2	2
2	2
2	39
2	2
7	1
7	9
7	4
7	4
7	3
7	7
12	12
12	12
12	7
12	0
12	6
12	7
17	17
17	39
17	3
17	0
17	1
17	6
22	9
22	1
22	10
22	2
22	12
22	2
27	12
27	4
27	0
27	5
27	5
27	6
33	1
33	4
33	3
33	39
33	39
33	39
38	1
38	38
38	2
38	38
38	12
38	36
3	4
3	7
3	8
3	3
3	39
3	8
8	0
8	39
8	6
8	6
8	39
8	4
13	2
13	3
13	8
13	4
13	3
13	3
18	4
18	2
18	7
18	5
18	7
18	3
23	18
23	23
23	1
23	38
23	0
23	4
28	13
28	4
28	7
28	6
28	39
28	9
34	34
34	7
34	4
34	2
34	39
34	6
39	4
39	11
39	3
39	39
39	39
39	5
4	6
4	5
4	39
4	12
4	2
4	10
9	3
9	7
9	10
9	2
9	0
9	1
14	5
14	14
14	38
14	14
14	2
14	2
19	10
19	5
19	1
19	3
19	0
19	39
24	7
24	8
24	36
24	39
24	14
24	4
29	35
29	9
29	12
29	3
29	2
29	21
4	2
24	10
24	19
24	24
24	10
29	3
29	7
29	3
29	39
29	36
29	39
30	30
30	21
30	30
30	30
30	30
30	2
35	26
35	3
35	35
35	21
35	35
35	28
0	0
0	18
0	0
0	39
0	24
0	8
5	5
5	5
5	14
5	12
5	5
5	23
10	10
10	1
10	10
10	10
10	10
10	8
15	13
15	15
15	8
15	15
15	9
15	6
20	12
20	20
20	20
20	20
20	20
20	20
25	25
25	25
25	10
25	16
25	15
25	25
31	31
31	5
31	34
31	8
31	31
31	2
36	10
36	14
36	36
36	10
36	5
36	5
1	1
1	1
1	1
1	1
1	16
1	1
6	4
6	6
6	6
6	8
6	6
6	6
11	29
11	4
11	6
11	11
11	11
11	17
16	16
16	16
16	16
16	38
16	13
16	34
21	15
21	21
21	21
21	33
21	8
21	4
26	17
26	7
26	26
26	26
26	26
26	14
32	32
32	33
32	34
32	32
32	11
32	14
37	37
37	37
37	37
37	6
37	38
37	19
2	22
2	30
2	10
2	2
2	2
2	31
7	0
7	2
7	7
7	7
7	17
7	7
12	12
12	12
12	5
12	12
12	12
12	12
17	17
17	17
17	12
17	13
17	17
17	8
22	22
22	10
22	38
22	17
22	15
22	14
27	27
27	27
27	19
27	1
27	27
27	27
33	33
33	38
33	33
33	37
33	33
33	2
38	6
38	38
38	38
38	38
38	12
38	38
3	3
3	4
3	3
3	3
3	3
3	37
8	35
8	39
8	13
8	7
8	3
8	15
13	13
13	16
13	14
13	26
13	6
13	6
18	12
18	20
18	18
18	13
18	20
18	29
23	13
23	17
23	8
23	23
23	23
23	23
28	19
28	13
28	4
28	14
28	12
28	16
34	39
34	34
34	0
34	34
34	34
34	34
39	39
39	39
39	39
39	39
39	10
39	34
4	38
4	30
4	4
4	4
4	1
4	0
9	9
9	24
9	2
9	9
9	9
9	8
14	2
14	8
14	14
14	11
14	14
14	37
19	22
19	7
19	19
19	9
19	23
19	19
24	19
24	28
24	1
24	6
24	6
24	9
29	5
29	9
29	34
29	8
29	29
29	23
30	30
30	30
30	30
30	23
30	30
30	30
35	35
35	35
35	17
35	30
35	35
35	37
0	0
0	0
0	35
0	0
0	14
0	30
5	5
5	1
5	5
5	5
5	8
5	5
10	5
10	10
10	30
10	10
10	15
10	10
15	7
15	15
15	15
15	15
15	10
15	15
20	20
20	20
20	20
20	20
20	20
20	20
25	25
25	25
25	25
25	25
25	25
25	25
31	8
31	12
31	7
31	37
31	9
31	31
36	4
36	36
36	36
36	36
36	36
36	36
1	9
1	1
1	36
1	1
1	1
1	1
6	6
6	6
6	6
6	8
6	6
6	17
11	11
11	24
11	11
11	31
11	11
11	11
16	16
16	16
16	16
16	16
16	16
16	16
21	21
21	21
21	32
21	21
21	21
21	21
26	26
26	26
26	26
26	26
26	26
26	26
32	11
32	32
32	32
32	1
32	32
32	32
37	7
37	37
37	5
37	37
37	37
37	37
2	2
2	2
2	2
2	2
2	2
2	2
7	2
7	2
7	7
7	37
7	2
7	20
12	12
12	12
12	12
12	12
12	12
12	12
17	17
17	9
17	17
17	17
17	17
17	17
22	22
22	22
22	21
22	22
22	22
22	29
27	27
27	27
27	10
27	27
27	27
27	27
33	24
33	33
33	33
33	33
33	37
33	33
38	0
38	38
38	38
38	38
38	38
38	38
3	3
3	3
3	3
3	3
3	3
3	3
8	8
8	8
8	8
8	8
8	8
8	8
13	13
13	9
13	13
13	13
13	13
13	13
18	18
18	13
18	18
18	18
18	39
18	18
23	23
23	23
23	23
23	23
23	23
23	23
28	28
28	28
28	28
28	28
28	28
28	28
34	7
34	34
34	34
34	8
34	35
34	39
39	35
39	11
39	7
39	8
39	0
39	35
4	0
4	37
4	4
4	4
4	4
4	4
9	9
9	6
9	9
9	9
9	9
9	9
14	14
14	6
14	14
14	9
14	14
14	14
19	19
19	19
19	19
19	19
19	19
19	16
24	24
24	24
24	24
24	24
24	24
24	24
29	29
29	29
29	29
29	20
29	29
29	29
30	3
30	8
30	15
30	2
30	20
30	27
35	35
35	37
35	3
35	11
35	35
35	22
0	35
0	35
0	3
0	32
0	5
0	6
5	0
5	0
5	5
5	5
5	5
5	16
10	10
10	10
10	6
10	16
10	10
10	5
15	15
15	15
15	15
15	15
15	0
15	15
20	37
20	20
20	20
20	20
20	20
20	20
25	25
25	25
25	27
25	6
25	35
25	5
31	18
31	4
31	6
31	10
31	32
31	31
36	16
36	36
36	15
36	39
36	36
36	25
1	33
1	35
1	13
1	13
1	1
1	31
6	6
6	6
6	6
6	6
6	6
6	6
11	11
11	29
11	11
11	11
11	11
11	5
16	0
16	16
16	16
16	16
16	16
16	16
21	21
21	17
21	21
21	5
21	21
21	21
26	26
26	26
26	26
26	26
26	26
26	26
32	31
32	39
32	7
32	32
32	36
32	32
37	37
37	5
37	37
37	3
37	1
37	37
2	2
2	1
2	2
2	23
2	2
2	9
7	7
7	7
7	7
7	7
7	7
7	15
12	12
12	12
12	12
12	12
12	12
12	12
17	17
17	17
17	17
17	17
17	17
17	17
22	22
22	22
22	22
22	7
22	7
22	22
27	27
27	27
27	4
27	1
27	2
27	38
33	1
33	4
33	2
33	0
33	1
33	39
38	11
38	37
38	38
38	9
38	38
38	38
3	3
3	0
3	34
3	7
3	37
3	15
8	8
8	37
8	5
8	15
8	38
8	9
13	18
13	13
13	8
13	14
13	28
13	9
18	18
18	18
18	18
18	18
18	18
18	12
23	23
23	23
23	23
23	23
23	2
23	3
28	10
28	28
28	23
28	28
28	18
28	1
34	6
34	37
34	4
34	39
34	0
34	29
39	38
39	6
39	1
39	21
39	11
39	5
4	34
4	37
4	4
4	5
4	1
4	9
9	9
9	9
9	9
9	38
9	9
9	9
14	3
14	38
14	0
14	0
14	12
14	19
19	19
19	19
19	19
19	9
19	3
19	8
24	24
24	24
24	24
24	9
24	24
24	24
29	24
29	29
29	7
29	12
29	13
29	7
30	5
30	30
30	30
30	4
30	30
30	5
35	35
35	35
35	35
35	35
35	5
35	35
0	0
0	0
0	0
0	0
0	11
0	6
5	1
5	1
5	3
5	5
5	5
5	3
10	3
10	3
10	1
10	3
10	6
10	5
15	3
15	15
15	3
15	7
15	5
15	6
20	20
20	39
20	3
20	4
20	4
20	5
25	2
25	25
25	2
25	5
25	4
25	0
31	31
31	31
31	31
31	31
31	31
31	31
36	2
36	36
36	36
36	8
36	7
36	6
1	1
1	6
1	1
1	1
1	2
1	4
6	4
6	2
6	6
6	0
6	4
6	6
11	11
11	39
11	11
11	1
11	5
11	11
16	3
16	16
16	2
16	3
16	16
16	7
21	1
21	5
21	1
21	21
21	4
21	21
26	26
26	7
26	0
26	8
26	26
26	26
32	32
32	32
32	32
32	2
32	7
32	3
37	37
37	37
37	37
37	7
37	3
37	37
2	3
2	2
2	2
2	2
2	2
2	2
7	7
7	3
7	7
7	3
7	0
7	5
12	4
12	4
12	5
12	12
12	12
12	5
17	5
17	1
17	17
17	4
17	17
17	17
22	22
22	3
22	22
22	22
22	9
22	2
27	3
27	1
27	27
27	27
27	1
27	3
33	33
33	33
33	33
33	33
33	33
33	7
38	38
38	4
38	38
38	38
38	39
38	38
3	3
3	3
3	3
3	3
3	7
3	4
8	4
8	3
8	8
8	7
8	3
8	6
13	13
13	2
13	6
13	14
13	2
13	6
18	2
18	18
18	2
18	1
18	1
18	4
23	5
23	23
23	1
23	2
23	2
23	3
28	3
28	28
28	8
28	6
28	3
28	3
34	34
34	34
34	34
34	34
34	34
34	2
39	39
39	2
39	39
39	39
39	6
39	39
4	4
4	5
4	4
4	0
4	1
4	2
9	9
9	9
9	9
9	9
9	8
9	9
14	14
14	14
14	3
14	14
14	14
14	14
19	2
19	4
19	19
19	19
19	19
19	3
24	5
24	24
24	1
24	24
24	24
24	4
29	3
29	29
29	2
29	0
29	39
29	3
30	5
30	38
30	9
30	0
30	6
30	2
35	37
35	6
35	0
35	2
35	38
35	0
0	35
0	6
0	38
0	32
0	0
0	6
5	12
5	14
5	2
5	3
5	5
5	12
10	37
10	5
10	5
10	11
10	3
10	11
15	37
15	39
15	16
15	7
15	10
15	1
20	26
20	23
20	6
20	10
20	6
20	3
25	25
25	27
25	3
25	3
25	9
25	7
31	12
31	35
31	8
31	38
31	7
31	5
36	5
36	4
36	2
36	2
36	4
36	16
1	7
1	14
1	38
1	32
1	32
1	1
6	4
6	31
6	32
6	1
6	13
6	4
11	37
11	1
11	39
11	33
11	32
11	11
16	16
16	10
16	5
16	18
16	4
16	7
21	31
21	16
21	3
21	5
21	5
21	11
26	36
26	6
26	0
26	26
26	38
26	0
32	37
32	32
32	32
32	17
32	6
32	36
37	36
37	37
37	38
37	38
37	2
37	35
2	2
2	32
2	39
2	6
2	6
2	2
7	30
7	8
7	4
7	1
7	15
7	4
12	6
12	0
12	10
12	1
12	38
12	17
17	22
17	37
17	11
17	3
17	37
17	10
22	7
22	5
22	5
22	1
22	3
22	2
27	38
27	5
27	5
27	39
27	27
27	28
33	0
33	39
33	33
33	2
33	33
33	4
38	14
38	6
38	3
38	0
38	9
38	39
3	2
3	6
3	11
3	39
3	4
3	5
8	14
8	34
8	31
8	9
8	12
8	5
13	3
13	0
13	4
13	8
13	1
13	13
18	22
18	23
18	5
18	37
18	2
18	6
23	28
23	11
23	36
23	1
23	22
23	4
28	37
28	18
28	15
28	4
28	33
28	30
34	39
34	1
34	39
34	4
34	1
34	4
39	9
39	2
39	11
39	6
39	35
39	5
4	4
4	5
4	7
4	0
4	0
4	37
9	5
9	9
9	37
9	3
9	3
9	9
14	4
14	1
14	19
14	38
14	12
14	33
19	24
19	20
19	1
19	0
19	8
19	4
24	8
24	23
24	6
24	2
24	6
24	6
29	2
29	23
29	38
29	4
29	7
29	11
4	37
24	21
24	29
29	30
29	7
29	8
29	32
29	30
29	25
30	4
30	17
30	29
30	8
30	25
30	20
35	14
35	16
35	4
35	36
35	36
35	8
0	29
0	39
0	5
0	39
0	35
0	11
5	12
5	3
5	27
5	11
5	24
5	16
10	25
10	13
10	20
10	22
10	37
10	37
15	6
15	11
15	34
15	10
15	33
15	6
20	1
20	36
20	0
20	5
20	6
20	25
25	9
25	31
25	20
25	23
25	25
25	26
31	9
31	11
31	28
31	5
31	22
31	1
36	5
36	10
36	2
36	14
36	2
36	4
1	6
1	2
1	23
1	4
1	0
1	25
6	34
6	32
6	1
6	6
6	3
6	11
11	6
11	36
11	16
11	7
11	12
11	14
16	14
16	39
16	20
16	22
16	22
16	12
21	26
21	7
21	20
21	21
21	21
21	5
26	11
26	6
26	37
26	38
26	0
26	13
32	11
32	37
32	15
32	33
32	1
32	7
37	38
37	5
37	5
37	23
37	23
37	3
2	37
2	4
2	1
2	1
2	15
2	13
7	20
7	2
7	33
7	2
7	18
7	39
12	10
12	28
12	20
12	13
12	8
12	14
17	9
17	33
17	16
17	2
17	22
17	0
22	17
22	5
22	3
22	21
22	6
22	23
27	35
27	25
27	4
27	28
27	22
27	10
33	35
33	5
33	18
33	4
33	13
33	13
38	32
38	36
38	33
38	35
38	39
38	10
3	4
3	8
3	13
3	33
3	1
3	28
8	17
8	4
8	32
8	26
8	8
8	8
13	8
13	6
13	11
13	14
13	25
13	8
18	13
18	10
18	14
18	26
18	10
18	15
23	5
23	25
23	17
23	18
23	13
23	13
28	13
28	38
28	0
28	11
28	1
28	10
34	36
34	16
34	22
34	4
34	24
34	2
39	24
39	35
39	37
39	10
39	10
39	9
4	5
4	11
4	3
4	15
4	38
4	9
9	3
9	7
9	18
9	26
9	12
9	11
14	12
14	35
14	28
14	9
14	19
14	15
19	7
19	6
19	30
19	0
19	23
19	11
24	25
24	26
24	8
24	16
24	13
24	19
29	10
29	24
29	3
29	5
29	29
29	32
30	30
30	3
30	1
30	30
30	1
30	30
35	35
35	35
35	35
35	12
35	35
35	1
0	0
0	0
0	38
0	0
0	2
0	0
5	5
5	0
5	5
5	5
5	6
5	5
10	2
10	10
10	18
10	28
10	10
10	37
15	14
15	15
15	15
15	12
15	15
15	0
20	2
20	8
20	8
20	2
20	20
20	6
25	39
25	7
25	25
25	39
25	38
25	1
31	31
31	31
31	1
31	1
31	1
31	2
36	1
36	5
36	3
36	0
36	36
36	0
1	1
1	1
1	7
1	1
1	1
1	1
6	6
6	2
6	6
6	19
6	6
6	1
11	2
11	2
11	8
11	34
11	7
11	4
16	2
16	12
16	1
16	1
16	16
16	16
21	21
21	4
21	4
21	0
21	7
21	2
26	0
26	0
26	37
26	39
26	7
26	19
32	2
32	13
32	2
32	1
32	0
32	1
37	2
37	37
37	37
37	3
37	37
37	37
2	2
2	0
2	1
2	2
2	2
2	1
7	1
7	7
7	1
7	2
7	4
7	7
12	3
12	2
12	36
12	39
12	3
12	2
17	1
17	7
17	5
17	1
17	3
17	2
22	2
22	1
22	10
22	39
22	5
22	22
27	6
27	0
27	37
27	38
27	38
27	5
33	33
33	37
33	4
33	33
33	2
33	33
38	38
38	38
38	19
38	38
38	38
38	37
3	3
3	36
3	0
3	3
3	3
3	3
8	8
8	8
8	0
8	36
8	39
8	0
13	1
13	13
13	12
13	36
13	12
13	1
18	7
18	18
18	4
18	38
18	18
18	6
23	18
23	2
23	39
23	39
23	0
23	0
28	37
28	1
28	13
28	18
28	8
28	4
34	34
34	34
34	34
34	34
34	34
34	34
39	39
39	39
39	13
39	38
39	39
39	39
4	4
4	4
4	4
4	39
4	4
4	0
9	9
9	3
9	5
9	3
9	9
9	39
14	38
14	15
14	14
14	14
14	14
14	14
19	1
19	19
19	38
19	10
19	7
19	38
24	39
24	2
24	10
24	2
24	24
24	2
29	29
29	1
29	10
29	29
29	3
29	1
30	7
30	28
30	1
30	34
30	9
30	1
35	20
35	20
35	28
35	17
35	17
35	21
0	39
0	35
0	15
0	35
0	35
0	2
5	0
5	16
5	38
5	2
5	24
5	28
10	29
10	4
10	10
10	8
10	15
10	15
15	19
15	6
15	19
15	23
15	11
15	9
20	32
20	15
20	11
20	2
20	10
20	39
25	15
25	18
25	28
25	29
25	25
25	19
31	32
31	0
31	37
31	39
31	15
31	36
36	14
36	8
36	1
36	37
36	37
36	36
1	5
1	36
1	20
1	15
1	22
1	36
6	1
6	13
6	1
6	15
6	1
6	1
11	16
11	6
11	6
11	9
11	26
11	22
16	12
16	27
16	16
16	7
16	9
16	3
21	10
21	17
21	26
21	2
21	30
21	9
26	20
26	26
26	10
26	0
26	8
26	5
32	11
32	22
32	2
32	38
32	37
32	12
37	35
37	27
37	38
37	17
37	5
37	7
2	6
2	15
2	17
2	3
2	38
2	0
7	9
7	2
7	7
7	6
7	5
7	7
12	11
12	0
12	4
12	3
12	6
12	12
17	29
17	2
17	12
17	17
17	15
17	7
22	2
22	22
22	23
22	17
22	7
22	28
27	39
27	39
27	13
27	29
27	8
27	39
33	4
33	31
33	38
33	16
33	6
33	31
38	4
38	0
38	16
38	14
38	6
38	14
3	21
3	16
3	29
3	14
3	8
3	13
8	3
8	0
8	28
8	15
8	29
8	3
13	8
13	13
13	27
13	17
13	16
13	9
18	7
18	8
18	13
18	19
18	16
18	0
23	23
23	10
23	16
23	16
23	9
23	5
28	23
28	23
28	15
28	25
28	17
28	16
34	3
34	11
34	39
34	1
34	39
34	39
39	7
39	21
39	16
39	38
39	14
39	0
4	39
4	9
4	1
4	39
4	39
4	27
9	9
9	7
9	24
9	26
9	16
9	8
14	3
14	17
14	30
14	14
14	7
14	4
19	38
19	10
19	36
19	3
19	13
19	35
24	16
24	16
24	39
24	20
24	15
24	10
29	24
29	14
29	4
29	23
29	9
29	12
30	8
30	11
30	8
30	7
30	13
30	7
35	35
35	17
35	8
35	3
35	0
35	9
0	0
0	11
0	0
0	5
0	9
0	5
5	5
5	5
5	5
5	6
5	7
5	1
10	10
10	5
10	7
10	10
10	34
10	10
15	15
15	38
15	8
15	15
15	15
15	12
20	9
20	20
20	9
20	20
20	8
20	12
25	14
25	25
25	11
25	31
25	12
25	9
31	3
31	31
31	31
31	0
31	13
31	7
36	36
36	10
36	10
36	31
36	7
36	0
1	8
1	1
1	16
1	11
1	6
1	10
6	6
6	1
6	6
6	10
6	39
6	6
11	11
11	8
11	7
11	17
11	7
11	11
16	10
16	16
16	7
16	5
16	16
16	11
21	13
21	11
21	8
21	21
21	10
21	7
26	26
26	26
26	26
26	10
26	1
26	7
32	36
32	6
32	11
32	8
32	10
32	8
37	37
37	11
37	3
37	8
37	39
37	37
2	13
2	2
2	14
2	8
2	6
2	5
7	9
7	5
7	39
7	9
7	2
7	8
12	38
12	12
12	9
12	8
12	12
12	9
17	17
17	1
17	17
17	12
17	11
17	17
22	22
22	9
22	15
22	7
22	22
22	8
27	2
27	9
27	10
27	1
27	1
27	3
33	33
33	16
33	39
33	33
33	35
33	33
38	38
38	9
38	1
38	9
38	1
38	9
3	11
3	6
3	0
3	7
3	39
3	4
8	8
8	7
8	8
8	8
8	0
8	9
13	9
13	1
13	7
13	2
13	4
13	8
18	8
18	34
18	2
18	18
18	6
18	5
23	3
23	9
23	0
23	8
23	10
23	8
28	28
28	8
28	28
28	14
28	1
28	15
34	34
34	2
34	7
34	1
34	4
34	39
39	1
39	39
39	39
39	5
39	8
39	8
4	1
4	13
4	10
4	9
4	1
4	11
9	3
9	10
9	3
9	11
9	12
9	39
14	14
14	8
14	9
14	8
14	14
14	6
19	19
19	19
19	8
19	9
19	19
19	8
24	24
24	7
24	3
24	1
24	0
24	10
29	4
29	8
29	11
29	14
29	1
29	11
30	30
30	18
30	10
30	25
30	10
30	14
35	5
35	23
35	31
35	31
35	17
35	30
0	5
0	38
0	36
0	25
0	1
0	31
5	12
5	17
5	39
5	20
5	2
5	10
10	29
10	0
10	22
10	1
10	11
10	5
15	14
15	8
15	3
15	30
15	20
15	21
20	0
20	2
20	19
20	1
20	4
20	25
25	19
25	7
25	9
25	39
25	25
25	0
31	31
31	30
31	36
31	25
31	31
31	31
36	4
36	36
36	31
36	31
36	36
36	11
1	6
1	6
1	11
1	27
1	4
1	3
6	26
6	18
6	2
6	14
6	2
6	1
11	29
11	2
11	5
11	3
11	10
11	1
16	4
16	19
16	4
16	26
16	4
16	33
21	10
21	1
21	15
21	38
21	11
21	6
26	5
26	20
26	20
26	1
26	36
26	3
32	5
32	15
32	31
32	32
32	8
32	4
37	4
37	2
37	6
37	1
37	3
37	0
2	3
2	37
2	4
2	6
2	0
2	7
7	8
7	4
7	14
7	3
7	7
7	37
12	4
12	5
12	9
12	8
12	37
12	25
17	12
17	4
17	12
17	19
17	7
17	39
22	7
22	22
22	36
22	31
22	31
22	1
27	9
27	4
27	21
27	27
27	32
27	3
33	32
33	4
33	8
33	9
33	35
33	35
38	10
38	38
38	38
38	38
38	1
38	38
3	3
3	3
3	4
3	0
3	37
3	5
8	0
8	4
8	35
8	4
8	38
8	15
13	39
13	8
13	8
13	1
13	38
13	38
18	7
18	2
18	1
18	5
18	4
18	5
23	36
23	19
23	8
23	8
23	34
23	8
28	1
28	13
28	12
28	8
28	37
28	36
34	36
34	18
34	1
34	5
34	9
34	2
39	36
39	11
39	3
39	39
39	7
39	7
4	4
4	1
4	4
4	38
4	6
4	5
9	39
9	4
9	10
9	38
9	4
9	14
14	1
14	2
14	2
14	14
14	14
14	4
19	31
19	3
19	8
19	19
19	10
19	13
24	6
24	7
24	6
24	10
24	24
24	8
29	6
29	6
29	38
29	4
29	29
29	23
30	29
30	10
30	30
30	38
30	16
30	10
35	35
35	35
35	35
35	35
35	37
35	35
0	15
0	0
0	0
0	0
0	5
0	0
5	38
5	6
5	5
5	5
5	5
5	0
10	4
10	10
10	8
10	39
10	4
10	16
15	21
15	39
15	25
15	20
15	20
15	13
20	15
20	21
20	15
20	11
20	37
20	3
25	28
25	37
25	26
25	21
25	22
25	23
31	31
31	21
31	38
31	31
31	8
31	39
36	5
36	35
36	11
36	39
36	36
36	35
1	4
1	1
1	1
1	1
1	1
1	1
6	0
6	39
6	6
6	1
6	6
6	6
11	12
11	12
11	12
11	3
11	3
11	15
16	3
16	13
16	13
16	37
16	21
16	13
21	9
21	26
21	34
21	0
21	11
21	22
26	17
26	3
26	1
26	8
26	26
26	14
32	12
32	32
32	32
32	4
32	3
32	32
37	1
37	37
37	37
37	37
37	37
37	13
2	2
2	2
2	16
2	2
2	2
2	2
7	38
7	7
7	8
7	2
7	2
7	7
12	12
12	15
12	23
12	12
12	12
12	13
17	7
17	2
17	15
17	11
17	14
17	17
22	31
22	22
22	7
22	3
22	27
22	23
27	6
27	2
27	23
27	10
27	1
27	39
33	33
33	31
33	5
33	33
33	33
33	14
38	38
38	38
38	0
38	4
38	17
38	6
3	11
3	31
3	5
3	39
3	3
3	3
8	39
8	8
8	7
8	27
8	7
8	20
13	5
13	9
13	16
13	0
13	13
13	10
18	14
18	5
18	26
18	14
18	18
18	19
23	21
23	23
23	34
23	7
23	23
23	3
28	4
28	8
28	0
28	19
28	4
28	29
34	15
34	5
34	3
34	0
34	34
34	6
39	9
39	4
39	19
39	33
39	4
39	2
4	2
4	4
4	9
4	15
4	3
4	4
9	7
9	25
9	14
9	37
9	9
9	35
14	12
14	14
14	3
14	13
14	14
14	14
19	15
19	25
19	18
19	17
19	19
19	25
24	7
24	29
24	4
24	29
24	21
24	29
29	24
29	4
29	10
29	15
29	5
29	3
30	30
30	30
30	30
30	30
30	30
30	30
35	35
35	35
35	35
35	35
35	35
35	35
0	0
0	0
0	0
0	0
0	0
0	0
5	5
5	5
5	5
5	5
5	5
5	5
10	10
10	10
10	10
10	10
10	10
10	10
15	15
15	15
15	34
15	15
15	15
15	15
20	20
20	20
20	22
20	20
20	20
20	20
25	25
25	25
25	4
25	2
25	25
25	25
31	31
31	31
31	35
31	31
31	31
31	31
36	36
36	36
36	36
36	36
36	36
36	36
1	1
1	1
1	1
1	1
1	1
1	1
6	6
6	6
6	6
6	6
6	6
6	6
11	11
11	11
11	14
11	11
11	11
11	11
16	16
16	16
16	16
16	16
16	16
16	16
21	21
21	21
21	39
21	21
21	21
21	21
26	10
26	21
26	22
26	27
26	26
26	26
32	18
32	0
32	13
32	3
32	13
32	32
37	37
37	37
37	37
37	37
37	37
37	37
2	2
2	2
2	2
2	2
2	2
2	2
7	7
7	7
7	7
7	7
7	7
7	7
12	12
12	12
12	12
12	12
12	12
12	12
17	17
17	17
17	17
17	17
17	17
17	17
22	23
22	22
22	5
22	22
22	22
22	22
27	21
27	27
27	8
27	27
27	27
27	27
33	34
33	33
33	33
33	33
33	33
33	33
38	38
38	38
38	38
38	38
38	38
38	38
3	3
3	3
3	3
3	3
3	3
3	3
8	8
8	8
8	11
8	8
8	8
8	8
13	13
13	13
13	13
13	13
13	13
13	13
18	18
18	13
18	18
18	18
18	18
18	18
23	23
23	19
23	5
23	23
23	23
23	23
28	28
28	28
28	31
28	28
28	5
28	28
34	35
34	36
34	35
34	34
34	34
34	34
39	39
39	39
39	17
39	39
39	39
39	39
4	4
4	28
4	4
4	4
4	4
4	4
9	9
9	9
9	9
9	9
9	9
9	9
14	14
14	14
14	13
14	14
14	14
14	14
19	13
19	19
19	29
19	19
19	19
19	19
24	24
24	24
24	3
24	24
24	24
24	24
29	29
29	11
29	23
29	6
29	29
29	29
30	30
30	5
30	28
30	12
30	17
30	33
35	31
35	9
35	34
35	25
35	31
35	12
0	30
0	8
0	33
0	8
0	32
0	13
5	8
5	10
5	37
5	3
5	31
5	34
10	31
10	13
10	33
10	27
10	12
10	35
15	25
15	35
15	33
15	15
15	31
15	21
20	28
20	36
20	30
20	11
20	32
20	2
25	37
25	35
25	31
25	32
25	31
25	30
31	35
31	3
31	33
31	10
31	31
31	33
36	21
36	20
36	33
36	32
36	32
36	32
1	27
1	34
1	33
1	29
1	30
1	35
6	30
6	24
6	8
6	32
6	24
6	5
11	13
11	35
11	12
11	12
11	16
11	31
16	34
16	23
16	34
16	27
16	33
16	25
21	31
21	27
21	36
21	33
21	31
21	32
26	33
26	7
26	1
26	34
26	10
26	24
32	8
32	8
32	13
32	24
32	32
32	35
37	17
37	2
37	34
37	34
37	31
37	32
2	30
2	11
2	34
2	5
2	31
2	33
7	4
7	31
7	11
7	23
7	32
7	33
12	21
12	3
12	8
12	33
12	31
12	6
17	32
17	35
17	33
17	22
17	30
17	33
22	31
22	34
22	31
22	35
22	33
22	33
27	9
27	27
27	34
27	33
27	31
27	34
33	31
33	35
33	34
33	34
33	27
33	11
38	31
38	2
38	35
38	28
38	33
38	1
3	18
3	38
3	27
3	33
3	24
3	34
8	32
8	9
8	33
8	32
8	5
8	32
13	24
13	20
13	34
13	32
13	32
13	32
18	31
18	34
18	20
18	34
18	21
18	32
23	23
23	34
23	34
23	1
23	30
23	16
28	31
28	34
28	33
28	21
28	31
28	30
34	30
34	6
34	7
34	12
34	25
34	11
39	30
39	13
39	11
39	33
39	32
39	31
4	12
4	14
4	34
4	33
4	22
4	34
9	31
9	14
9	18
9	33
9	32
9	39
14	31
14	34
14	34
14	33
14	30
14	8
19	30
19	38
19	34
19	33
19	30
19	32
24	34
24	1
24	33
24	20
24	31
24	29
29	31
29	27
29	31
29	33
29	30
29	16
30	5
30	21
30	30
30	36
30	18
30	8
35	19
35	35
35	35
35	35
35	5
35	35
0	34
0	0
0	1
0	0
0	0
0	0
5	6
5	37
5	19
5	0
5	6
5	6
10	10
10	25
10	11
10	5
10	5
10	4
15	20
15	30
15	20
15	2
15	10
15	10
20	4
20	15
20	20
20	5
20	15
20	20
25	25
25	10
25	24
25	20
25	30
25	20
31	5
31	31
31	15
31	3
31	31
31	3
36	38
36	36
36	6
36	36
36	30
36	2
1	4
1	1
1	1
1	1
1	1
1	35
6	7
6	39
6	6
6	1
6	1
6	1
11	6
11	13
11	16
11	2
11	6
11	6
16	11
16	6
16	11
16	15
16	11
16	11
21	16
21	16
21	16
21	16
21	16
21	16
26	26
26	26
26	20
26	21
26	37
26	33
32	12
32	32
32	32
32	20
32	13
32	23
37	3
37	36
37	37
37	36
37	38
37	32
2	4
2	2
2	2
2	7
2	3
2	2
7	1
7	2
7	2
7	2
7	2
7	2
12	9
12	12
12	6
12	7
12	2
12	7
17	12
17	11
17	12
17	5
17	16
17	12
22	22
22	22
22	21
22	22
22	17
22	2
27	22
27	27
27	22
27	22
27	27
27	22
33	20
33	6
33	33
33	30
33	18
33	7
38	33
38	3
38	33
38	33
38	6
38	33
3	4
3	20
3	38
3	38
3	38
3	6
8	6
8	9
8	7
8	2
8	5
8	3
13	11
13	8
13	8
13	8
13	13
13	12
18	13
18	18
18	10
18	13
18	13
18	13
23	23
23	23
23	18
23	18
23	17
23	23
28	27
28	23
28	27
28	23
28	27
28	28
34	13
34	6
34	2
34	13
34	39
34	34
39	39
39	9
39	34
39	34
39	27
39	1
4	21
4	7
4	35
4	38
4	16
4	16
9	4
9	4
9	4
9	3
9	4
9	7
14	22
14	14
14	9
14	9
14	9
14	9
19	14
19	0
19	19
19	14
19	14
19	14
24	19
24	19
24	24
24	19
24	19
24	23
29	24
29	24
29	29
29	23
29	29
29	7
30	27
30	30
30	30
30	30
30	30
30	30
35	35
35	35
35	35
35	35
35	35
35	35
0	0
0	0
0	0
0	0
0	0
0	0
5	5
5	5
5	5
5	5
5	5
5	5
10	10
10	10
10	10
10	8
10	10
10	10
15	15
15	15
15	15
15	15
15	15
15	15
20	20
20	20
20	20
20	20
20	20
20	20
25	25
25	25
25	25
25	25
25	25
25	25
31	25
31	31
31	31
31	31
31	31
31	31
36	36
36	36
36	36
36	36
36	36
36	36
1	1
1	1
1	1
1	1
1	1
1	1
6	6
6	6
6	6
6	6
6	6
6	6
11	11
11	11
11	11
11	11
11	11
11	11
16	16
16	16
16	16
16	16
16	16
16	16
21	21
21	21
21	21
21	21
21	21
21	21
26	26
26	26
26	26
26	26
26	26
26	26
32	26
32	32
32	32
32	32
32	32
32	31
37	37
37	37
37	37
37	37
37	37
37	37
2	2
2	2
2	2
2	2
2	2
2	2
7	7
7	7
7	7
7	7
7	7
7	7
12	12
12	12
12	12
12	12
12	12
12	12
17	17
17	17
17	17
17	17
17	17
17	17
22	22
22	22
22	22
22	22
22	22
22	22
27	27
27	27
27	27
27	27
27	27
27	27
33	33
33	33
33	33
33	33
33	33
33	33
38	38
38	38
38	38
38	38
38	38
38	38
3	3
3	3
3	3
3	3
3	3
3	3
8	8
8	8
8	8
8	8
8	8
8	8
13	13
13	13
13	13
13	13
13	13
13	13
18	18
18	18
18	18
18	18
18	18
18	18
23	23
23	23
23	23
23	23
23	23
23	23
28	28
28	28
28	28
28	28
28	28
28	28
34	34
34	34
34	34
34	34
34	34
34	34
39	39
39	39
39	39
39	39
39	39
39	39
4	4
4	4
4	4
4	4
4	4
4	4
9	9
9	9
9	9
9	9
9	9
9	9
14	14
14	14
14	14
14	14
14	14
14	14
19	19
19	19
19	19
19	19
19	19
19	19
24	24
24	24
24	24
24	24
24	24
24	24
29	29
29	29
29	29
29	29
29	29
29	29
